-1584.0,-1826.0,0.0,0.0,0.0,0.05,0.1,-1360.0,-1826.0,0.0,0.0,0.0,0.05,0.1,-1584.0,-1642.0,0.0,0.0,0.0,0.05,0.1,-1360.0,-1642.0,0.0,0.0,0.0,0.05,0.1,1.0
-3000.0,354.0,0.0,0.0,0.0,1.0,0.0,-2832.0,354.0,0.0,0.0,0.0,0.2,0.24,-3000.0,2942.0,0.0,0.0,0.0,1.0,0.0,-2832.0,2942.0,0.0,0.0,0.0,0.98,0.01,1.0
-2832.0,1296.0,0.0,0.0,0.0,0.48,0.16,-2704.0,1296.0,0.0,0.0,0.0,0.2,0.24,-2832.0,2192.0,0.0,0.0,0.0,0.76,0.07,-2704.0,2192.0,0.0,0.0,0.0,0.2,0.24,1.0
-2704.0,1360.0,0.0,0.0,0.0,0.2,0.24,-2240.0,1360.0,0.0,0.0,0.0,0.2,0.24,-2704.0,2224.0,0.0,0.0,0.0,0.2,0.24,-2240.0,2224.0,0.0,0.0,0.0,0.2,0.24,1.0
-2240.0,1432.0,0.0,0.0,0.0,0.2,0.24,-2000.0,1432.0,0.0,0.0,0.0,0.2,0.24,-2240.0,2224.0,0.0,0.0,0.0,0.2,0.24,-2000.0,2224.0,0.0,0.0,0.0,0.2,0.24,1.0
-2064.0,1312.0,0.0,0.0,0.0,0.2,0.24,-2000.0,1312.0,0.0,0.0,0.0,0.2,0.24,-2064.0,1432.0,0.0,0.0,0.0,0.2,0.24,-2000.0,1432.0,0.0,0.0,0.0,0.2,0.24,1.0
-2000.0,1392.0,0.0,0.0,0.0,0.2,0.24,-1712.0,1392.0,0.0,0.0,0.0,0.39,0.39,-2000.0,1792.0,0.0,0.0,0.0,0.2,0.24,-1712.0,1792.0,0.0,0.0,0.0,0.2,0.24,1.0
-2000.0,1792.0,0.0,0.0,0.0,0.2,0.24,-1724.0,1792.0,0.0,0.0,0.0,0.2,0.24,-2000.0,2016.0,0.0,0.0,0.0,0.2,0.24,-1724.0,2016.0,0.0,0.0,0.0,0.2,0.24,1.0
-2000.0,2016.0,0.0,0.0,0.0,0.2,0.24,-1836.0,2016.0,0.0,0.0,0.0,0.2,0.24,-2000.0,2176.0,0.0,0.0,0.0,0.2,0.24,-1836.0,2176.0,0.0,0.0,0.0,0.2,0.24,1.0
-2000.0,2176.0,0.0,0.0,0.0,0.2,0.24,-1920.0,2176.0,0.0,0.0,0.0,0.2,0.24,-2000.0,2224.0,0.0,0.0,0.0,0.2,0.24,-1920.0,2224.0,0.0,0.0,0.0,0.2,0.24,1.0
-2208.0,2224.0,0.0,0.0,0.0,0.2,0.24,-2000.0,2224.0,0.0,0.0,0.0,0.2,0.24,-2208.0,2432.0,0.0,0.0,0.0,0.2,0.24,-2000.0,2432.0,0.0,0.0,0.0,0.2,0.24,1.0
-2208.0,2432.0,0.0,0.0,0.0,0.2,0.24,-2000.0,2432.0,0.0,0.0,0.0,0.2,0.24,-2208.0,2576.0,0.0,0.0,0.0,0.2,0.24,-2000.0,2576.0,0.0,0.0,0.0,0.2,0.24,1.0
-2352.0,2448.0,0.0,0.0,0.0,0.2,0.24,-2208.0,2448.0,0.0,0.0,0.0,0.2,0.24,-2352.0,2576.0,0.0,0.0,0.0,0.2,0.24,-2208.0,2576.0,0.0,0.0,0.0,0.2,0.24,1.0
-2312.0,2344.0,0.0,0.0,0.0,0.2,0.24,-2208.0,2344.0,0.0,0.0,0.0,0.2,0.24,-2312.0,2448.0,0.0,0.0,0.0,0.2,0.24,-2208.0,2448.0,0.0,0.0,0.0,0.2,0.24,1.0
-1712.0,1360.0,0.0,0.0,0.0,0.4,0.4,-1600.0,1360.0,0.0,0.0,0.0,0.4,0.4,-1712.0,1792.0,0.0,0.0,0.0,0.2,0.24,-1600.0,1792.0,0.0,0.0,0.0,0.4,0.4,1.0
-1664.0,1280.0,0.0,0.0,0.0,0.4,0.4,-1600.0,1280.0,0.0,0.0,0.0,0.4,0.4,-1664.0,1360.0,0.0,0.0,0.0,0.4,0.4,-1600.0,1360.0,0.0,0.0,0.0,0.4,0.4,1.0
-1600.0,1280.0,0.0,0.0,0.0,0.4,0.4,-1440.0,1280.0,0.0,0.0,0.0,0.33,0.35,-1600.0,1696.0,0.0,0.0,0.0,0.4,0.4,-1440.0,1696.0,0.0,0.0,0.0,0.99,0.41,1.0
-1600.0,1696.0,0.0,0.0,0.0,0.4,0.4,-1488.0,1696.0,0.0,0.0,0.0,0.81,0.41,-1600.0,1744.0,0.0,0.0,0.0,0.4,0.4,-1488.0,1744.0,0.0,0.0,0.0,0.2,0.24,1.0
-1440.0,1440.0,0.0,0.0,0.0,0.59,0.37,-1232.0,1440.0,0.0,0.0,0.0,0.32,0.28,-1440.0,1696.0,0.0,0.0,0.0,0.99,0.41,-1232.0,1696.0,0.0,0.0,0.0,0.2,0.24,1.0
-1232.0,1440.0,0.0,0.0,0.0,0.32,0.28,-1136.0,1440.0,0.0,0.0,0.0,0.2,0.24,-1232.0,1616.0,0.0,0.0,0.0,0.24,0.25,-1136.0,1616.0,0.0,0.0,0.0,0.2,0.24,1.0
-1440.0,1280.0,0.0,0.0,0.0,0.33,0.35,-1136.0,1280.0,0.0,0.0,0.0,0.21,0.25,-1440.0,1440.0,0.0,0.0,0.0,0.59,0.37,-1136.0,1440.0,0.0,0.0,0.0,0.2,0.24,1.0
-1136.0,1248.0,0.0,0.0,0.0,0.21,0.25,-1104.0,1248.0,0.0,0.0,0.0,0.2,0.24,-1136.0,1424.0,0.0,0.0,0.0,0.2,0.24,-1104.0,1424.0,0.0,0.0,0.0,0.2,0.24,1.0
-1520.0,1104.0,0.0,0.0,0.0,0.2,0.24,-1104.0,1104.0,0.0,0.0,0.0,0.25,0.28,-1520.0,1248.0,0.0,0.0,0.0,0.34,0.35,-1104.0,1248.0,0.0,0.0,0.0,0.2,0.24,1.0
-1520.0,1248.0,0.0,0.0,0.0,0.34,0.35,-1136.0,1248.0,0.0,0.0,0.0,0.21,0.25,-1520.0,1280.0,0.0,0.0,0.0,0.37,0.37,-1136.0,1280.0,0.0,0.0,0.0,0.21,0.25,1.0
-1600.0,1200.0,0.0,0.0,0.0,0.2,0.24,-1520.0,1200.0,0.0,0.0,0.0,0.29,0.31,-1600.0,1280.0,0.0,0.0,0.0,0.4,0.4,-1520.0,1280.0,0.0,0.0,0.0,0.37,0.37,1.0
-1104.0,944.0,0.0,0.0,0.0,0.31,0.33,-932.0,944.0,0.0,0.0,0.0,0.38,0.38,-1104.0,1136.0,0.0,0.0,0.0,0.24,0.27,-932.0,1136.0,0.0,0.0,0.0,0.4,0.4,1.0
-1424.0,944.0,0.0,0.0,0.0,0.2,0.24,-1104.0,944.0,0.0,0.0,0.0,0.31,0.33,-1424.0,1104.0,0.0,0.0,0.0,0.21,0.25,-1104.0,1104.0,0.0,0.0,0.0,0.25,0.28,1.0
-1520.0,1008.0,0.0,0.0,0.0,0.2,0.24,-1424.0,1008.0,0.0,0.0,0.0,0.2,0.24,-1520.0,1104.0,0.0,0.0,0.0,0.2,0.24,-1424.0,1104.0,0.0,0.0,0.0,0.21,0.25,1.0
-1424.0,784.0,0.0,0.0,0.0,0.2,0.24,-896.0,784.0,0.0,0.0,0.0,0.2,0.24,-1424.0,944.0,0.0,0.0,0.0,0.2,0.24,-896.0,944.0,0.0,0.0,0.0,0.39,0.39,1.0
-1488.0,560.0,0.0,0.0,0.0,0.19,0.23,-896.0,560.0,0.0,0.0,0.0,0.15,0.18,-1488.0,784.0,0.0,0.0,0.0,0.2,0.24,-896.0,784.0,0.0,0.0,0.0,0.2,0.24,1.0
-1536.0,560.0,0.0,0.0,0.0,0.19,0.24,-1488.0,560.0,0.0,0.0,0.0,0.19,0.23,-1536.0,672.0,0.0,0.0,0.0,0.2,0.24,-1488.0,672.0,0.0,0.0,0.0,0.2,0.24,1.0
-896.0,208.0,0.0,0.0,0.0,0.07,0.09,-768.0,208.0,0.0,0.0,0.0,0.03,0.04,-896.0,732.0,0.0,0.0,0.0,0.19,0.23,-768.0,732.0,0.0,0.0,0.0,0.4,0.4,1.0
-1600.0,208.0,0.0,0.0,0.0,0.2,0.24,-896.0,208.0,0.0,0.0,0.0,0.07,0.09,-1600.0,560.0,0.0,0.0,0.0,0.2,0.24,-896.0,560.0,0.0,0.0,0.0,0.15,0.18,1.0
-992.0,-144.0,0.0,0.0,0.0,0.2,0.24,-912.0,-144.0,0.0,0.0,0.0,0.2,0.24,-992.0,208.0,0.0,0.0,0.0,0.09,0.11,-912.0,208.0,0.0,0.0,0.0,0.08,0.09,1.0
-1748.0,-816.0,0.0,0.0,0.0,0.2,0.24,-1180.0,-816.0,0.0,0.0,0.0,0.2,0.24,-1748.0,-592.0,0.0,0.0,0.0,0.2,0.24,-1180.0,-592.0,0.0,0.0,0.0,0.2,0.24,1.0
-1458.0,-592.0,0.0,0.0,0.0,0.2,0.24,-1054.0,-592.0,0.0,0.0,0.0,0.2,0.24,-1458.0,-432.0,0.0,0.0,0.0,0.2,0.24,-1054.0,-432.0,0.0,0.0,0.0,0.2,0.24,1.0
-3000.0,-1186.0,0.0,0.0,0.0,1.0,0.0,-2880.0,-1186.0,0.0,0.0,0.0,0.05,0.1,-3000.0,-822.0,0.0,0.0,0.0,1.0,0.0,-2880.0,-822.0,0.0,0.0,0.0,0.05,0.1,1.0
-2880.0,-1168.0,0.0,0.0,0.0,0.05,0.1,-2768.0,-1168.0,0.0,0.0,0.0,0.05,0.1,-2880.0,-896.0,0.0,0.0,0.0,0.05,0.1,-2768.0,-896.0,0.0,0.0,0.0,0.05,0.1,1.0
-2768.0,-1106.0,0.0,0.0,0.0,0.05,0.1,-2656.0,-1106.0,0.0,0.0,0.0,0.05,0.1,-2768.0,-830.0,0.0,0.0,0.0,0.05,0.1,-2656.0,-830.0,0.0,0.0,0.0,0.05,0.1,1.0
-2656.0,-1024.0,0.0,0.0,0.0,0.05,0.1,-2512.0,-1024.0,0.0,0.0,0.0,0.05,0.1,-2656.0,-816.0,0.0,0.0,0.0,0.05,0.1,-2512.0,-816.0,0.0,0.0,0.0,0.05,0.1,1.0
-2512.0,-976.0,0.0,0.0,0.0,0.05,0.1,-2400.0,-976.0,0.0,0.0,0.0,0.05,0.1,-2512.0,-816.0,0.0,0.0,0.0,0.05,0.1,-2400.0,-816.0,0.0,0.0,0.0,0.05,0.1,1.0
-2400.0,-1056.0,0.0,0.0,0.0,0.05,0.1,-2256.0,-1056.0,0.0,0.0,0.0,0.05,0.1,-2400.0,-864.0,0.0,0.0,0.0,0.05,0.1,-2256.0,-864.0,0.0,0.0,0.0,0.05,0.1,1.0
-2256.0,-1198.0,0.0,0.0,0.0,0.05,0.1,-2144.0,-1198.0,0.0,0.0,0.0,0.05,0.1,-2256.0,-950.0,0.0,0.0,0.0,0.05,0.1,-2144.0,-950.0,0.0,0.0,0.0,0.05,0.1,1.0
-2144.0,-1408.0,0.0,0.0,0.0,0.05,0.1,-2000.0,-1408.0,0.0,0.0,0.0,0.05,0.1,-2144.0,-1072.0,0.0,0.0,0.0,0.05,0.1,-2000.0,-1072.0,0.0,0.0,0.0,0.05,0.1,1.0
-2000.0,-1536.0,0.0,0.0,0.0,0.05,0.1,-1856.0,-1536.0,0.0,0.0,0.0,0.05,0.1,-2000.0,-1280.0,0.0,0.0,0.0,0.05,0.1,-1856.0,-1280.0,0.0,0.0,0.0,0.05,0.1,1.0
-1856.0,-1648.0,0.0,0.0,0.0,0.05,0.1,-1728.0,-1648.0,0.0,0.0,0.0,0.05,0.1,-1856.0,-1440.0,0.0,0.0,0.0,0.05,0.1,-1728.0,-1440.0,0.0,0.0,0.0,0.05,0.1,1.0
-1728.0,-1728.0,0.0,0.0,0.0,0.05,0.1,-1584.0,-1728.0,0.0,0.0,0.0,0.05,0.1,-1728.0,-1520.0,0.0,0.0,0.0,0.05,0.1,-1584.0,-1520.0,0.0,0.0,0.0,0.05,0.1,1.0
-1360.0,-2052.0,0.0,0.0,0.0,0.05,0.1,-1216.0,-2052.0,0.0,0.0,0.0,0.05,0.1,-1360.0,-1696.0,0.0,0.0,0.0,0.05,0.1,-1216.0,-1696.0,0.0,0.0,0.0,0.05,0.1,1.0
-1440.0,-2110.0,0.0,0.0,0.0,0.05,0.1,-1360.0,-2110.0,0.0,0.0,0.0,0.05,0.1,-1440.0,-1950.0,0.0,0.0,0.0,0.05,0.1,-1360.0,-1950.0,0.0,0.0,0.0,0.05,0.1,1.0
-1484.0,-2180.0,0.0,0.0,0.0,0.03,0.08,-1440.0,-2180.0,0.0,0.0,0.0,0.05,0.1,-1484.0,-2036.0,0.0,0.0,0.0,0.05,0.1,-1440.0,-2036.0,0.0,0.0,0.0,0.05,0.1,1.0
-1572.0,-2352.0,0.0,0.0,0.0,0.01,0.05,-1484.0,-2352.0,0.0,0.0,0.0,0.01,0.05,-1572.0,-2096.0,0.0,0.0,0.0,0.01,0.05,-1484.0,-2096.0,0.0,0.0,0.0,0.04,0.09,1.0
-1216.0,-2208.0,0.0,0.0,0.0,0.05,0.1,-1104.0,-2208.0,0.0,0.0,0.0,0.05,0.1,-1216.0,-1864.0,0.0,0.0,0.0,0.05,0.1,-1104.0,-1864.0,0.0,0.0,0.0,0.05,0.1,1.0
-1232.0,-2304.0,0.0,0.0,0.0,0.05,0.1,-1120.0,-2304.0,0.0,0.0,0.0,0.05,0.1,-1232.0,-2208.0,0.0,0.0,0.0,0.05,0.1,-1120.0,-2208.0,0.0,0.0,0.0,0.05,0.1,1.0
-1270.0,-2480.0,0.0,0.0,0.0,0.05,0.1,-1178.0,-2480.0,0.0,0.0,0.0,0.05,0.1,-1270.0,-2304.0,0.0,0.0,0.0,0.05,0.1,-1178.0,-2304.0,0.0,0.0,0.0,0.05,0.1,1.0
-1260.0,-2560.0,0.0,0.0,0.0,0.05,0.1,-1188.0,-2560.0,0.0,0.0,0.0,0.05,0.1,-1260.0,-2480.0,0.0,0.0,0.0,0.05,0.1,-1188.0,-2480.0,0.0,0.0,0.0,0.05,0.1,1.0
-1262.0,-2640.0,0.0,0.0,0.0,0.05,0.1,-1146.0,-2640.0,0.0,0.0,0.0,0.05,0.1,-1262.0,-2560.0,0.0,0.0,0.0,0.05,0.1,-1146.0,-2560.0,0.0,0.0,0.0,0.05,0.1,1.0
-1216.0,-2752.0,0.0,0.0,0.0,0.05,0.1,-1080.0,-2752.0,0.0,0.0,0.0,0.05,0.1,-1216.0,-2640.0,0.0,0.0,0.0,0.05,0.1,-1080.0,-2640.0,0.0,0.0,0.0,0.05,0.1,1.0
-1200.0,-2896.0,0.0,0.0,0.0,0.18,0.11,-928.0,-2896.0,0.0,0.0,0.0,0.35,0.11,-1200.0,-2752.0,0.0,0.0,0.0,0.05,0.1,-928.0,-2752.0,0.0,0.0,0.0,0.05,0.1,1.0
-2016.0,-3000.0,0.0,0.0,0.0,1.0,0.0,-1520.0,-3000.0,0.0,0.0,0.0,1.0,0.0,-2016.0,-2704.0,0.0,0.0,0.0,0.2,0.24,-1520.0,-2704.0,0.0,0.0,0.0,0.2,0.24,1.0
-1520.0,-3000.0,0.0,0.0,0.0,1.0,0.0,-1376.0,-3000.0,0.0,0.0,0.0,1.0,0.0,-1520.0,-2894.0,0.0,0.0,0.0,0.71,0.09,-1376.0,-2894.0,0.0,0.0,0.0,0.05,0.1,1.0
-2256.0,-3000.0,0.0,0.0,0.0,1.0,0.0,-2016.0,-3000.0,0.0,0.0,0.0,1.0,0.0,-2256.0,-2772.0,0.0,0.0,0.0,0.38,0.19,-2016.0,-2772.0,0.0,0.0,0.0,0.38,0.19,1.0
-2448.0,-3000.0,0.0,0.0,0.0,1.0,0.0,-2256.0,-3000.0,0.0,0.0,0.0,1.0,0.0,-2448.0,-2704.0,0.0,0.0,0.0,0.2,0.24,-2256.0,-2704.0,0.0,0.0,0.0,0.2,0.24,1.0
-3000.0,-3000.0,0.0,0.0,0.0,1.0,0.0,-2448.0,-3000.0,0.0,0.0,0.0,1.0,0.0,-3000.0,-2704.0,0.0,0.0,0.0,1.0,0.0,-2448.0,-2704.0,0.0,0.0,0.0,0.2,0.24,1.0
-3000.0,-2704.0,0.0,0.0,0.0,1.0,0.0,-2516.0,-2704.0,0.0,0.0,0.0,0.3,0.21,-3000.0,-2576.0,0.0,0.0,0.0,1.0,0.0,-2516.0,-2576.0,0.0,0.0,0.0,0.2,0.24,1.0
-3000.0,-2576.0,0.0,0.0,0.0,1.0,0.0,-2600.0,-2576.0,0.0,0.0,0.0,0.34,0.2,-3000.0,-2448.0,0.0,0.0,0.0,1.0,0.0,-2600.0,-2448.0,0.0,0.0,0.0,0.2,0.24,1.0
-3000.0,-2448.0,0.0,0.0,0.0,1.0,0.0,-2628.0,-2448.0,0.0,0.0,0.0,0.26,0.22,-3000.0,-2144.0,0.0,0.0,0.0,1.0,0.0,-2628.0,-2144.0,0.0,0.0,0.0,0.02,0.02,1.0
-3000.0,-2144.0,0.0,0.0,0.0,1.0,0.0,-2670.0,-2144.0,0.0,0.0,0.0,0.13,0.02,-3000.0,-2032.0,0.0,0.0,0.0,1.0,0.0,-2670.0,-2032.0,0.0,0.0,0.0,0.2,0.24,1.0
-3000.0,-2032.0,0.0,0.0,0.0,1.0,0.0,-2802.0,-2032.0,0.0,0.0,0.0,0.52,0.14,-3000.0,-1904.0,0.0,0.0,0.0,1.0,0.0,-2802.0,-1904.0,0.0,0.0,0.0,0.2,0.24,1.0
-3000.0,-1904.0,0.0,0.0,0.0,1.0,0.0,-2920.0,-1904.0,0.0,0.0,0.0,0.68,0.1,-3000.0,-1376.0,0.0,0.0,0.0,1.0,0.0,-2920.0,-1376.0,0.0,0.0,0.0,0.2,0.24,1.0
-3000.0,-1376.0,0.0,0.0,0.0,1.0,0.0,-2936.0,-1376.0,0.0,0.0,0.0,0.36,0.19,-3000.0,-1186.0,0.0,0.0,0.0,1.0,0.0,-2936.0,-1186.0,0.0,0.0,0.0,0.49,0.05,1.0
-768.0,208.0,0.0,0.0,0.0,0.03,0.04,-720.0,208.0,0.0,0.0,0.0,0.02,0.02,-768.0,672.0,0.0,0.0,0.0,0.36,0.36,-720.0,672.0,0.0,0.0,0.0,0.31,0.32,1.0
-720.0,256.0,0.0,0.0,0.0,0.05,0.05,-656.0,256.0,0.0,0.0,0.0,0.2,0.24,-720.0,672.0,0.0,0.0,0.0,0.31,0.32,-656.0,672.0,0.0,0.0,0.0,0.24,0.26,1.0
-656.0,276.0,0.0,0.0,0.0,0.2,0.24,-496.0,276.0,0.0,0.0,0.0,0.02,0.01,-656.0,576.0,0.0,0.0,0.0,0.23,0.25,-496.0,576.0,0.0,0.0,0.0,0.06,0.1,1.0
-496.0,298.0,0.0,0.0,0.0,0.02,0.02,-384.0,298.0,0.0,0.0,0.0,0.11,0.07,-496.0,566.0,0.0,0.0,0.0,0.06,0.1,-384.0,566.0,0.0,0.0,0.0,0.2,0.24,1.0
-384.0,254.0,0.0,0.0,0.0,0.09,0.04,-224.0,254.0,0.0,0.0,0.0,0.2,0.24,-384.0,530.0,0.0,0.0,0.0,0.19,0.22,-224.0,530.0,0.0,0.0,0.0,0.2,0.24,1.0
-224.0,212.0,0.0,0.0,0.0,0.2,0.24,-64.0,212.0,0.0,0.0,0.0,0.05,0.06,-224.0,528.0,0.0,0.0,0.0,0.2,0.24,-64.0,528.0,0.0,0.0,0.0,0.19,0.23,1.0
-64.0,140.0,0.0,0.0,0.0,0.02,0.02,64.0,140.0,0.0,0.0,0.0,0.02,0.02,-64.0,544.0,0.0,0.0,0.0,0.2,0.24,64.0,544.0,0.0,0.0,0.0,0.2,0.24,1.0
64.0,140.0,0.0,0.0,0.0,0.02,0.02,304.0,140.0,0.0,0.0,0.0,0.2,0.24,64.0,544.0,0.0,0.0,0.0,0.2,0.24,304.0,544.0,0.0,0.0,0.0,0.06,0.07,1.0
120.0,544.0,0.0,0.0,0.0,0.17,0.2,304.0,544.0,0.0,0.0,0.0,0.06,0.07,120.0,648.0,0.0,0.0,0.0,0.02,0.02,304.0,648.0,0.0,0.0,0.0,0.02,0.02,1.0
304.0,164.0,0.0,0.0,0.0,0.19,0.23,384.0,164.0,0.0,0.0,0.0,0.2,0.24,304.0,608.0,0.0,0.0,0.0,0.03,0.04,384.0,608.0,0.0,0.0,0.0,0.2,0.24,1.0
384.0,222.0,0.0,0.0,0.0,0.2,0.24,464.0,222.0,0.0,0.0,0.0,0.2,0.24,384.0,630.0,0.0,0.0,0.0,0.2,0.24,464.0,630.0,0.0,0.0,0.0,0.03,0.04,1.0
464.0,304.0,0.0,0.0,0.0,0.16,0.2,544.0,304.0,0.0,0.0,0.0,0.2,0.24,464.0,656.0,0.0,0.0,0.0,0.02,0.02,544.0,656.0,0.0,0.0,0.0,0.02,0.02,1.0
544.0,362.0,0.0,0.0,0.0,0.17,0.21,800.0,362.0,0.0,0.0,0.0,0.2,0.24,544.0,646.0,0.0,0.0,0.0,0.02,0.03,800.0,646.0,0.0,0.0,0.0,0.2,0.24,1.0
800.0,432.0,0.0,0.0,0.0,0.2,0.24,944.0,432.0,0.0,0.0,0.0,0.2,0.24,800.0,704.0,0.0,0.0,0.0,0.2,0.24,944.0,704.0,0.0,0.0,0.0,0.2,0.24,1.0
944.0,480.0,0.0,0.0,0.0,0.2,0.24,976.0,480.0,0.0,0.0,0.0,0.2,0.24,944.0,720.0,0.0,0.0,0.0,0.2,0.24,976.0,720.0,0.0,0.0,0.0,0.2,0.24,1.0
976.0,528.0,0.0,0.0,0.0,0.2,0.24,1040.0,528.0,0.0,0.0,0.0,0.2,0.24,976.0,704.0,0.0,0.0,0.0,0.2,0.24,1040.0,704.0,0.0,0.0,0.0,0.2,0.24,1.0
1040.0,560.0,0.0,0.0,0.0,0.2,0.24,1280.0,560.0,0.0,0.0,0.0,0.2,0.24,1040.0,672.0,0.0,0.0,0.0,0.2,0.24,1280.0,672.0,0.0,0.0,0.0,0.2,0.24,1.0
1280.0,480.0,0.0,0.0,0.0,0.2,0.24,1472.0,480.0,0.0,0.0,0.0,0.2,0.24,1280.0,640.0,0.0,0.0,0.0,0.2,0.24,1472.0,640.0,0.0,0.0,0.0,0.2,0.24,1.0
1472.0,432.0,0.0,0.0,0.0,0.2,0.24,1616.0,432.0,0.0,0.0,0.0,0.2,0.24,1472.0,640.0,0.0,0.0,0.0,0.2,0.24,1616.0,640.0,0.0,0.0,0.0,0.2,0.24,1.0
1616.0,416.0,0.0,0.0,0.0,0.2,0.24,1824.0,416.0,0.0,0.0,0.0,0.2,0.24,1616.0,608.0,0.0,0.0,0.0,0.2,0.24,1824.0,608.0,0.0,0.0,0.0,0.2,0.24,1.0
1824.0,400.0,0.0,0.0,0.0,0.2,0.24,2160.0,400.0,0.0,0.0,0.0,0.2,0.24,1824.0,576.0,0.0,0.0,0.0,0.2,0.24,2160.0,576.0,0.0,0.0,0.0,0.2,0.24,1.0
2160.0,400.0,0.0,0.0,0.0,0.2,0.24,2432.0,400.0,0.0,0.0,0.0,0.2,0.24,2160.0,512.0,0.0,0.0,0.0,0.2,0.24,2432.0,512.0,0.0,0.0,0.0,0.2,0.24,1.0
2432.0,368.0,0.0,0.0,0.0,0.2,0.24,2560.0,368.0,0.0,0.0,0.0,0.2,0.24,2432.0,544.0,0.0,0.0,0.0,0.2,0.24,2560.0,544.0,0.0,0.0,0.0,0.2,0.24,1.0
2560.0,336.0,0.0,0.0,0.0,0.2,0.24,2720.0,336.0,0.0,0.0,0.0,0.2,0.24,2560.0,576.0,0.0,0.0,0.0,0.2,0.24,2720.0,576.0,0.0,0.0,0.0,0.2,0.24,1.0
2720.0,196.0,0.0,0.0,0.0,0.2,0.24,2816.0,196.0,0.0,0.0,0.0,0.05,0.1,2720.0,560.0,0.0,0.0,0.0,0.2,0.24,2816.0,560.0,0.0,0.0,0.0,0.06,0.11,1.0
2816.0,160.0,0.0,0.0,0.0,0.05,0.1,3000.0,160.0,0.0,0.0,0.0,1.0,0.0,2816.0,576.0,0.0,0.0,0.0,0.06,0.11,3000.0,576.0,0.0,0.0,0.0,1.0,0.0,1.0
2860.0,-80.0,0.0,0.0,0.0,0.2,0.24,3000.0,-80.0,0.0,0.0,0.0,1.0,0.0,2860.0,160.0,0.0,0.0,0.0,0.28,0.08,3000.0,160.0,0.0,0.0,0.0,1.0,0.0,1.0
-1376.0,-3000.0,0.0,0.0,0.0,1.0,0.0,-544.0,-3000.0,0.0,0.0,0.0,1.0,0.0,-1376.0,-2896.0,0.0,0.0,0.0,0.07,0.1,-544.0,-2896.0,0.0,0.0,0.0,0.58,0.13,1.0
-928.0,-2896.0,0.0,0.0,0.0,0.35,0.11,-544.0,-2896.0,0.0,0.0,0.0,0.58,0.13,-928.0,-2800.0,0.0,0.0,0.0,0.15,0.11,-544.0,-2800.0,0.0,0.0,0.0,0.2,0.24,1.0
-544.0,-3000.0,0.0,0.0,0.0,1.0,0.0,-320.0,-3000.0,0.0,0.0,0.0,1.0,0.0,-544.0,-2824.0,0.0,0.0,0.0,0.3,0.21,-320.0,-2824.0,0.0,0.0,0.0,0.2,0.24,1.0
-320.0,-3000.0,0.0,0.0,0.0,1.0,0.0,-192.0,-3000.0,0.0,0.0,0.0,1.0,0.0,-320.0,-2876.0,0.0,0.0,0.0,0.44,0.17,-192.0,-2876.0,0.0,0.0,0.0,0.2,0.24,1.0
-192.0,-3000.0,0.0,0.0,0.0,1.0,0.0,160.0,-3000.0,0.0,0.0,0.0,1.0,0.0,-192.0,-2920.0,0.0,0.0,0.0,0.48,0.16,160.0,-2920.0,0.0,0.0,0.0,0.92,0.02,1.0
-128.0,-2920.0,0.0,0.0,0.0,0.56,0.13,160.0,-2920.0,0.0,0.0,0.0,0.92,0.02,-128.0,-2872.0,0.0,0.0,0.0,0.2,0.24,160.0,-2872.0,0.0,0.0,0.0,0.87,0.03,1.0
-60.0,-2872.0,0.0,0.0,0.0,0.36,0.19,160.0,-2872.0,0.0,0.0,0.0,0.87,0.03,-60.0,-2816.0,0.0,0.0,0.0,0.2,0.24,160.0,-2816.0,0.0,0.0,0.0,0.82,0.04,1.0
-4.0,-2816.0,0.0,0.0,0.0,0.36,0.19,160.0,-2816.0,0.0,0.0,0.0,0.82,0.04,-4.0,-2672.0,0.0,0.0,0.0,0.2,0.24,160.0,-2672.0,0.0,0.0,0.0,0.69,0.06,1.0
40.0,-2672.0,0.0,0.0,0.0,0.33,0.19,160.0,-2672.0,0.0,0.0,0.0,0.69,0.06,40.0,-2256.0,0.0,0.0,0.0,0.31,0.16,160.0,-2256.0,0.0,0.0,0.0,0.36,0.12,1.0
16.0,-2560.0,0.0,0.0,0.0,0.2,0.24,40.0,-2560.0,0.0,0.0,0.0,0.32,0.18,16.0,-2256.0,0.0,0.0,0.0,0.3,0.16,40.0,-2256.0,0.0,0.0,0.0,0.31,0.16,1.0
-32.0,-2440.0,0.0,0.0,0.0,0.2,0.24,16.0,-2440.0,0.0,0.0,0.0,0.24,0.21,-32.0,-2256.0,0.0,0.0,0.0,0.28,0.18,16.0,-2256.0,0.0,0.0,0.0,0.3,0.16,1.0
-32.0,-2488.0,0.0,0.0,0.0,0.2,0.24,16.0,-2488.0,0.0,0.0,0.0,0.22,0.22,-32.0,-2440.0,0.0,0.0,0.0,0.2,0.24,16.0,-2440.0,0.0,0.0,0.0,0.24,0.21,1.0
-96.0,-2440.0,0.0,0.0,0.0,0.2,0.24,-32.0,-2440.0,0.0,0.0,0.0,0.2,0.24,-96.0,-2256.0,0.0,0.0,0.0,0.25,0.2,-32.0,-2256.0,0.0,0.0,0.0,0.28,0.18,1.0
-168.0,-2384.0,0.0,0.0,0.0,0.2,0.24,-96.0,-2384.0,0.0,0.0,0.0,0.21,0.23,-168.0,-2256.0,0.0,0.0,0.0,0.22,0.22,-96.0,-2256.0,0.0,0.0,0.0,0.25,0.2,1.0
-224.0,-2256.0,0.0,0.0,0.0,0.2,0.24,160.0,-2256.0,0.0,0.0,0.0,0.36,0.12,-224.0,-2080.0,0.0,0.0,0.0,0.2,0.23,160.0,-2080.0,0.0,0.0,0.0,0.21,0.14,1.0
-248.0,-2080.0,0.0,0.0,0.0,0.2,0.24,160.0,-2080.0,0.0,0.0,0.0,0.21,0.14,-248.0,-1968.0,0.0,0.0,0.0,0.19,0.23,160.0,-1968.0,0.0,0.0,0.0,0.13,0.14,1.0
-280.0,-1968.0,0.0,0.0,0.0,0.2,0.24,-128.0,-1968.0,0.0,0.0,0.0,0.17,0.2,-280.0,-1824.0,0.0,0.0,0.0,0.2,0.24,-128.0,-1824.0,0.0,0.0,0.0,0.18,0.22,1.0
-264.0,-2016.0,0.0,0.0,0.0,0.2,0.24,-248.0,-2016.0,0.0,0.0,0.0,0.2,0.24,-264.0,-1968.0,0.0,0.0,0.0,0.2,0.24,-248.0,-1968.0,0.0,0.0,0.0,0.19,0.23,1.0
-264.0,-1824.0,0.0,0.0,0.0,0.2,0.24,-128.0,-1824.0,0.0,0.0,0.0,0.18,0.22,-264.0,-1640.0,0.0,0.0,0.0,0.02,0.02,-128.0,-1640.0,0.0,0.0,0.0,0.2,0.24,1.0
-128.0,-1768.0,0.0,0.0,0.0,0.19,0.23,124.0,-1768.0,0.0,0.0,0.0,0.2,0.24,-128.0,-1648.0,0.0,0.0,0.0,0.2,0.24,124.0,-1648.0,0.0,0.0,0.0,0.2,0.24,1.0
-128.0,-1792.0,0.0,0.0,0.0,0.19,0.22,140.0,-1792.0,0.0,0.0,0.0,0.2,0.24,-128.0,-1768.0,0.0,0.0,0.0,0.19,0.23,140.0,-1768.0,0.0,0.0,0.0,0.2,0.24,1.0
-128.0,-1968.0,0.0,0.0,0.0,0.17,0.2,148.0,-1968.0,0.0,0.0,0.0,0.13,0.14,-128.0,-1792.0,0.0,0.0,0.0,0.19,0.22,148.0,-1792.0,0.0,0.0,0.0,0.2,0.24,1.0
160.0,-2128.0,0.0,0.0,0.0,0.25,0.13,592.0,-2128.0,0.0,0.0,0.0,0.32,0.2,160.0,-1976.0,0.0,0.0,0.0,0.13,0.14,592.0,-1976.0,0.0,0.0,0.0,0.24,0.23,1.0
480.0,-1976.0,0.0,0.0,0.0,0.21,0.2,592.0,-1976.0,0.0,0.0,0.0,0.24,0.23,480.0,-1896.0,0.0,0.0,0.0,0.2,0.23,592.0,-1896.0,0.0,0.0,0.0,0.2,0.24,1.0
352.0,-1976.0,0.0,0.0,0.0,0.18,0.18,480.0,-1976.0,0.0,0.0,0.0,0.21,0.2,352.0,-1896.0,0.0,0.0,0.0,0.19,0.22,480.0,-1896.0,0.0,0.0,0.0,0.2,0.23,1.0
232.0,-1976.0,0.0,0.0,0.0,0.15,0.15,352.0,-1976.0,0.0,0.0,0.0,0.18,0.18,232.0,-1880.0,0.0,0.0,0.0,0.06,0.11,352.0,-1880.0,0.0,0.0,0.0,0.2,0.23,1.0
160.0,-1976.0,0.0,0.0,0.0,0.13,0.14,232.0,-1976.0,0.0,0.0,0.0,0.15,0.15,160.0,-1872.0,0.0,0.0,0.0,0.05,0.1,232.0,-1872.0,0.0,0.0,0.0,0.05,0.1,1.0
160.0,-2784.0,0.0,0.0,0.0,0.79,0.05,592.0,-2784.0,0.0,0.0,0.0,0.83,0.05,160.0,-2128.0,0.0,0.0,0.0,0.25,0.13,592.0,-2128.0,0.0,0.0,0.0,0.32,0.2,1.0
160.0,-3000.0,0.0,0.0,0.0,1.0,0.0,592.0,-3000.0,0.0,0.0,0.0,1.0,0.0,160.0,-2784.0,0.0,0.0,0.0,0.79,0.05,592.0,-2784.0,0.0,0.0,0.0,0.83,0.05,1.0
352.0,-1896.0,0.0,0.0,0.0,0.19,0.22,544.0,-1896.0,0.0,0.0,0.0,0.2,0.24,352.0,-1864.0,0.0,0.0,0.0,0.2,0.24,544.0,-1864.0,0.0,0.0,0.0,0.2,0.24,1.0
592.0,-2112.0,0.0,0.0,0.0,0.31,0.21,976.0,-2112.0,0.0,0.0,0.0,0.2,0.24,592.0,-1896.0,0.0,0.0,0.0,0.2,0.24,976.0,-1896.0,0.0,0.0,0.0,0.2,0.24,1.0
736.0,-1896.0,0.0,0.0,0.0,0.2,0.24,904.0,-1896.0,0.0,0.0,0.0,0.2,0.24,736.0,-1864.0,0.0,0.0,0.0,0.2,0.24,904.0,-1864.0,0.0,0.0,0.0,0.2,0.24,1.0
704.0,-1896.0,0.0,0.0,0.0,0.2,0.24,736.0,-1896.0,0.0,0.0,0.0,0.2,0.24,704.0,-1728.0,0.0,0.0,0.0,0.2,0.24,736.0,-1728.0,0.0,0.0,0.0,0.2,0.24,1.0
736.0,-1864.0,0.0,0.0,0.0,0.2,0.24,752.0,-1864.0,0.0,0.0,0.0,0.2,0.24,736.0,-1728.0,0.0,0.0,0.0,0.2,0.24,752.0,-1728.0,0.0,0.0,0.0,0.2,0.24,1.0
688.0,-1728.0,0.0,0.0,0.0,0.2,0.24,752.0,-1728.0,0.0,0.0,0.0,0.2,0.24,688.0,-1480.0,0.0,0.0,0.0,0.2,0.24,752.0,-1480.0,0.0,0.0,0.0,0.2,0.24,1.0
592.0,-2192.0,0.0,0.0,0.0,0.37,0.19,976.0,-2192.0,0.0,0.0,0.0,0.21,0.24,592.0,-2112.0,0.0,0.0,0.0,0.31,0.21,976.0,-2112.0,0.0,0.0,0.0,0.2,0.24,1.0
592.0,-2328.0,0.0,0.0,0.0,0.48,0.16,1008.0,-2328.0,0.0,0.0,0.0,0.29,0.21,592.0,-2192.0,0.0,0.0,0.0,0.37,0.19,1008.0,-2192.0,0.0,0.0,0.0,0.2,0.24,1.0
592.0,-3000.0,0.0,0.0,0.0,1.0,0.0,1008.0,-3000.0,0.0,0.0,0.0,1.0,0.0,592.0,-2328.0,0.0,0.0,0.0,0.48,0.16,1008.0,-2328.0,0.0,0.0,0.0,0.29,0.21,1.0
1008.0,-3000.0,0.0,0.0,0.0,1.0,0.0,1072.0,-3000.0,0.0,0.0,0.0,1.0,0.0,1008.0,-2368.0,0.0,0.0,0.0,0.33,0.2,1072.0,-2368.0,0.0,0.0,0.0,0.2,0.24,1.0
1008.0,-2368.0,0.0,0.0,0.0,0.33,0.2,1064.0,-2368.0,0.0,0.0,0.0,0.22,0.24,1008.0,-2320.0,0.0,0.0,0.0,0.29,0.21,1064.0,-2320.0,0.0,0.0,0.0,0.2,0.24,1.0
1072.0,-2672.0,0.0,0.0,0.0,0.58,0.13,1288.0,-2672.0,0.0,0.0,0.0,0.2,0.24,1072.0,-2412.0,0.0,0.0,0.0,0.25,0.22,1288.0,-2412.0,0.0,0.0,0.0,0.2,0.24,1.0
1072.0,-2768.0,0.0,0.0,0.0,0.71,0.09,1288.0,-2768.0,0.0,0.0,0.0,0.41,0.18,1072.0,-2672.0,0.0,0.0,0.0,0.58,0.13,1288.0,-2672.0,0.0,0.0,0.0,0.2,0.24,1.0
1072.0,-3000.0,0.0,0.0,0.0,1.0,0.0,1288.0,-3000.0,0.0,0.0,0.0,1.0,0.0,1072.0,-2768.0,0.0,0.0,0.0,0.71,0.09,1288.0,-2768.0,0.0,0.0,0.0,0.41,0.18,1.0
1288.0,-3000.0,0.0,0.0,0.0,1.0,0.0,1448.0,-3000.0,0.0,0.0,0.0,1.0,0.0,1288.0,-2760.0,0.0,0.0,0.0,0.39,0.18,1448.0,-2760.0,0.0,0.0,0.0,0.22,0.24,1.0
1288.0,-2760.0,0.0,0.0,0.0,0.39,0.18,1392.0,-2760.0,0.0,0.0,0.0,0.28,0.22,1288.0,-2688.0,0.0,0.0,0.0,0.23,0.23,1392.0,-2688.0,0.0,0.0,0.0,0.2,0.24,1.0
1448.0,-3000.0,0.0,0.0,0.0,1.0,0.0,1720.0,-3000.0,0.0,0.0,0.0,1.0,0.0,1448.0,-2754.0,0.0,0.0,0.0,0.2,0.24,1720.0,-2754.0,0.0,0.0,0.0,0.24,0.23,1.0
1720.0,-3000.0,0.0,0.0,0.0,1.0,0.0,2064.0,-3000.0,0.0,0.0,0.0,1.0,0.0,1720.0,-2740.0,0.0,0.0,0.0,0.2,0.24,2064.0,-2740.0,0.0,0.0,0.0,0.2,0.24,1.0
2064.0,-3000.0,0.0,0.0,0.0,1.0,0.0,2144.0,-3000.0,0.0,0.0,0.0,1.0,0.0,2064.0,-2742.0,0.0,0.0,0.0,0.21,0.24,2144.0,-2742.0,0.0,0.0,0.0,0.31,0.21,1.0
2144.0,-3000.0,0.0,0.0,0.0,1.0,0.0,2208.0,-3000.0,0.0,0.0,0.0,1.0,0.0,2144.0,-2700.0,0.0,0.0,0.0,0.2,0.24,2208.0,-2700.0,0.0,0.0,0.0,0.24,0.23,1.0
2208.0,-3000.0,0.0,0.0,0.0,1.0,0.0,2272.0,-3000.0,0.0,0.0,0.0,1.0,0.0,2208.0,-2684.0,0.0,0.0,0.0,0.2,0.24,2272.0,-2684.0,0.0,0.0,0.0,0.63,0.11,1.0
2272.0,-3000.0,0.0,0.0,0.0,1.0,0.0,2376.0,-3000.0,0.0,0.0,0.0,1.0,0.0,2272.0,-2312.0,0.0,0.0,0.0,0.2,0.24,2376.0,-2312.0,0.0,0.0,0.0,0.27,0.22,1.0
2376.0,-2480.0,0.0,0.0,0.0,0.45,0.16,2472.0,-2480.0,0.0,0.0,0.0,0.2,0.24,2376.0,-2240.0,0.0,0.0,0.0,0.2,0.24,2472.0,-2240.0,0.0,0.0,0.0,0.2,0.24,1.0
2472.0,-2376.0,0.0,0.0,0.0,0.2,0.24,2776.0,-2376.0,0.0,0.0,0.0,0.2,0.24,2472.0,-2240.0,0.0,0.0,0.0,0.2,0.24,2776.0,-2240.0,0.0,0.0,0.0,0.2,0.24,1.0
2776.0,-2336.0,0.0,0.0,0.0,0.2,0.24,2856.0,-2336.0,0.0,0.0,0.0,0.49,0.15,2776.0,-2192.0,0.0,0.0,0.0,0.2,0.24,2856.0,-2192.0,0.0,0.0,0.0,0.28,0.22,1.0
2808.0,-2560.0,0.0,0.0,0.0,0.68,0.1,3000.0,-2560.0,0.0,0.0,0.0,1.0,0.0,2808.0,-2336.0,0.0,0.0,0.0,0.31,0.21,3000.0,-2336.0,0.0,0.0,0.0,1.0,0.0,1.0
2856.0,-2336.0,0.0,0.0,0.0,0.49,0.15,3000.0,-2336.0,0.0,0.0,0.0,1.0,0.0,2856.0,-2136.0,0.0,0.0,0.0,0.2,0.24,3000.0,-2136.0,0.0,0.0,0.0,1.0,0.0,1.0
2888.0,-2136.0,0.0,0.0,0.0,0.38,0.19,3000.0,-2136.0,0.0,0.0,0.0,1.0,0.0,2888.0,-1840.0,0.0,0.0,0.0,0.34,0.2,3000.0,-1840.0,0.0,0.0,0.0,1.0,0.0,1.0
2872.0,-1880.0,0.0,0.0,0.0,0.2,0.24,2888.0,-1880.0,0.0,0.0,0.0,0.35,0.2,2872.0,-1840.0,0.0,0.0,0.0,0.25,0.23,2888.0,-1840.0,0.0,0.0,0.0,0.34,0.2,1.0
2864.0,-1840.0,0.0,0.0,0.0,0.2,0.24,3000.0,-1840.0,0.0,0.0,0.0,1.0,0.0,2864.0,-1720.0,0.0,0.0,0.0,0.2,0.24,3000.0,-1720.0,0.0,0.0,0.0,1.0,0.0,1.0
2888.0,-1720.0,0.0,0.0,0.0,0.34,0.2,3000.0,-1720.0,0.0,0.0,0.0,1.0,0.0,2888.0,-1664.0,0.0,0.0,0.0,0.2,0.24,3000.0,-1664.0,0.0,0.0,0.0,1.0,0.0,1.0
2896.0,-1664.0,0.0,0.0,0.0,0.26,0.22,3000.0,-1664.0,0.0,0.0,0.0,1.0,0.0,2896.0,-1592.0,0.0,0.0,0.0,0.2,0.24,3000.0,-1592.0,0.0,0.0,0.0,1.0,0.0,1.0
2920.0,-1592.0,0.0,0.0,0.0,0.38,0.19,3000.0,-1592.0,0.0,0.0,0.0,1.0,0.0,2920.0,-1504.0,0.0,0.0,0.0,0.2,0.24,3000.0,-1504.0,0.0,0.0,0.0,1.0,0.0,1.0
2940.0,-1504.0,0.0,0.0,0.0,0.4,0.18,3000.0,-1504.0,0.0,0.0,0.0,1.0,0.0,2940.0,-1344.0,0.0,0.0,0.0,0.48,0.16,3000.0,-1344.0,0.0,0.0,0.0,1.0,0.0,1.0
2908.0,-1344.0,0.0,0.0,0.0,0.2,0.24,3000.0,-1344.0,0.0,0.0,0.0,1.0,0.0,2908.0,-1096.0,0.0,0.0,0.0,0.2,0.24,3000.0,-1096.0,0.0,0.0,0.0,1.0,0.0,1.0
2912.0,-1096.0,0.0,0.0,0.0,0.23,0.23,3000.0,-1096.0,0.0,0.0,0.0,1.0,0.0,2912.0,-800.0,0.0,0.0,0.0,0.2,0.24,3000.0,-800.0,0.0,0.0,0.0,1.0,0.0,1.0
2918.0,-800.0,0.0,0.0,0.0,0.25,0.22,3000.0,-800.0,0.0,0.0,0.0,1.0,0.0,2918.0,-472.0,0.0,0.0,0.0,0.49,0.15,3000.0,-472.0,0.0,0.0,0.0,1.0,0.0,1.0
2872.0,-472.0,0.0,0.0,0.0,0.2,0.24,3000.0,-472.0,0.0,0.0,0.0,1.0,0.0,2872.0,-376.0,0.0,0.0,0.0,0.25,0.23,3000.0,-376.0,0.0,0.0,0.0,1.0,0.0,1.0
2912.0,-376.0,0.0,0.0,0.0,0.48,0.16,3000.0,-376.0,0.0,0.0,0.0,1.0,0.0,2912.0,-80.0,0.0,0.0,0.0,0.5,0.15,3000.0,-80.0,0.0,0.0,0.0,1.0,0.0,1.0
2864.0,-376.0,0.0,0.0,0.0,0.2,0.24,2912.0,-376.0,0.0,0.0,0.0,0.48,0.16,2864.0,-80.0,0.0,0.0,0.0,0.22,0.23,2912.0,-80.0,0.0,0.0,0.0,0.5,0.15,1.0
2560.0,-2560.0,0.0,0.0,0.0,0.27,0.22,2680.0,-2560.0,0.0,0.0,0.0,0.47,0.16,2560.0,-2456.0,0.0,0.0,0.0,0.2,0.24,2680.0,-2456.0,0.0,0.0,0.0,0.2,0.24,1.0
-992.0,-422.0,0.0,0.0,0.0,0.2,0.24,-848.0,-422.0,0.0,0.0,0.0,0.2,0.24,-992.0,-238.0,0.0,0.0,0.0,0.2,0.24,-848.0,-238.0,0.0,0.0,0.0,0.2,0.24,1.0
-848.0,-384.0,0.0,0.0,0.0,0.2,0.24,-512.0,-384.0,0.0,0.0,0.0,0.05,0.1,-848.0,-256.0,0.0,0.0,0.0,0.2,0.24,-512.0,-256.0,0.0,0.0,0.0,0.05,0.1,1.0
-512.0,-400.0,0.0,0.0,0.0,0.05,0.1,-320.0,-400.0,0.0,0.0,0.0,0.03,0.07,-512.0,-272.0,0.0,0.0,0.0,0.05,0.1,-320.0,-272.0,0.0,0.0,0.0,0.05,0.1,1.0
-320.0,-400.0,0.0,0.0,0.0,0.03,0.07,-208.0,-400.0,0.0,0.0,0.0,0.02,0.05,-320.0,-304.0,0.0,0.0,0.0,0.05,0.09,-208.0,-304.0,0.0,0.0,0.0,0.0,0.0,1.0
-384.0,-528.0,0.0,0.0,0.0,0.05,0.1,-100.0,-528.0,0.0,0.0,0.0,0.05,0.1,-384.0,-460.0,0.0,0.0,0.0,0.05,0.1,-100.0,-460.0,0.0,0.0,0.0,0.05,0.1,1.0
-384.0,-704.0,0.0,0.0,0.0,0.05,0.1,-64.0,-704.0,0.0,0.0,0.0,0.05,0.1,-384.0,-528.0,0.0,0.0,0.0,0.05,0.1,-64.0,-528.0,0.0,0.0,0.0,0.05,0.1,1.0
-336.0,-816.0,0.0,0.0,0.0,0.05,0.1,-80.0,-816.0,0.0,0.0,0.0,0.05,0.1,-336.0,-704.0,0.0,0.0,0.0,0.05,0.1,-80.0,-704.0,0.0,0.0,0.0,0.05,0.1,1.0
-208.0,-936.0,0.0,0.0,0.0,0.05,0.1,-48.0,-936.0,0.0,0.0,0.0,0.05,0.1,-208.0,-816.0,0.0,0.0,0.0,0.05,0.1,-48.0,-816.0,0.0,0.0,0.0,0.05,0.1,1.0
-48.0,-936.0,0.0,0.0,0.0,0.05,0.1,144.0,-936.0,0.0,0.0,0.0,0.05,0.1,-48.0,-874.0,0.0,0.0,0.0,0.05,0.1,144.0,-874.0,0.0,0.0,0.0,0.05,0.1,1.0
32.0,-1024.0,0.0,0.0,0.0,0.15,0.19,128.0,-1024.0,0.0,0.0,0.0,0.05,0.1,32.0,-936.0,0.0,0.0,0.0,0.05,0.1,128.0,-936.0,0.0,0.0,0.0,0.05,0.1,1.0
-16.0,-1104.0,0.0,0.0,0.0,0.2,0.24,96.0,-1104.0,0.0,0.0,0.0,0.2,0.24,-16.0,-1024.0,0.0,0.0,0.0,0.2,0.24,96.0,-1024.0,0.0,0.0,0.0,0.08,0.13,1.0
0.0,-1200.0,0.0,0.0,0.0,0.04,0.05,144.0,-1200.0,0.0,0.0,0.0,0.2,0.24,0.0,-1104.0,0.0,0.0,0.0,0.2,0.24,144.0,-1104.0,0.0,0.0,0.0,0.2,0.24,1.0
-16.0,-1296.0,0.0,0.0,0.0,0.02,0.02,128.0,-1296.0,0.0,0.0,0.0,0.02,0.02,-16.0,-1200.0,0.0,0.0,0.0,0.02,0.02,128.0,-1200.0,0.0,0.0,0.0,0.18,0.22,1.0
-16.0,-1440.0,0.0,0.0,0.0,0.02,0.02,112.0,-1440.0,0.0,0.0,0.0,0.02,0.02,-16.0,-1296.0,0.0,0.0,0.0,0.02,0.02,112.0,-1296.0,0.0,0.0,0.0,0.02,0.02,1.0
0.0,-1552.0,0.0,0.0,0.0,0.2,0.24,96.0,-1552.0,0.0,0.0,0.0,0.2,0.24,0.0,-1440.0,0.0,0.0,0.0,0.02,0.02,96.0,-1440.0,0.0,0.0,0.0,0.02,0.02,1.0
-128.0,-1648.0,0.0,0.0,0.0,0.2,0.24,96.0,-1648.0,0.0,0.0,0.0,0.2,0.24,-128.0,-1552.0,0.0,0.0,0.0,0.2,0.24,96.0,-1552.0,0.0,0.0,0.0,0.2,0.24,1.0
-64.0,-672.0,0.0,0.0,0.0,0.05,0.1,32.0,-672.0,0.0,0.0,0.0,0.05,0.1,-64.0,-576.0,0.0,0.0,0.0,0.05,0.1,32.0,-576.0,0.0,0.0,0.0,0.05,0.1,1.0
-64.0,-576.0,0.0,0.0,0.0,0.05,0.1,96.0,-576.0,0.0,0.0,0.0,0.05,0.1,-64.0,-496.0,0.0,0.0,0.0,0.05,0.1,96.0,-496.0,0.0,0.0,0.0,0.05,0.1,1.0
16.0,-496.0,0.0,0.0,0.0,0.05,0.1,144.0,-496.0,0.0,0.0,0.0,0.05,0.1,16.0,-392.0,0.0,0.0,0.0,0.05,0.1,144.0,-392.0,0.0,0.0,0.0,0.05,0.1,1.0
144.0,-448.0,0.0,0.0,0.0,0.05,0.1,240.0,-448.0,0.0,0.0,0.0,0.05,0.1,144.0,-384.0,0.0,0.0,0.0,0.05,0.1,240.0,-384.0,0.0,0.0,0.0,0.05,0.1,1.0
240.0,-432.0,0.0,0.0,0.0,0.05,0.1,304.0,-432.0,0.0,0.0,0.0,0.05,0.1,240.0,-320.0,0.0,0.0,0.0,0.05,0.1,304.0,-320.0,0.0,0.0,0.0,0.05,0.1,1.0
304.0,-384.0,0.0,0.0,0.0,0.05,0.1,352.0,-384.0,0.0,0.0,0.0,0.05,0.1,304.0,-288.0,0.0,0.0,0.0,0.05,0.1,352.0,-288.0,0.0,0.0,0.0,0.05,0.1,1.0
352.0,-332.0,0.0,0.0,0.0,0.05,0.1,400.0,-332.0,0.0,0.0,0.0,0.05,0.1,352.0,-252.0,0.0,0.0,0.0,0.05,0.1,400.0,-252.0,0.0,0.0,0.0,0.05,0.1,1.0
400.0,-298.0,0.0,0.0,0.0,0.05,0.1,464.0,-298.0,0.0,0.0,0.0,0.05,0.1,400.0,-234.0,0.0,0.0,0.0,0.05,0.1,464.0,-234.0,0.0,0.0,0.0,0.05,0.1,1.0
464.0,-288.0,0.0,0.0,0.0,0.05,0.1,576.0,-288.0,0.0,0.0,0.0,0.05,0.1,464.0,-208.0,0.0,0.0,0.0,0.05,0.1,576.0,-208.0,0.0,0.0,0.0,0.05,0.1,1.0
576.0,-272.0,0.0,0.0,0.0,0.05,0.1,688.0,-272.0,0.0,0.0,0.0,0.05,0.1,576.0,-192.0,0.0,0.0,0.0,0.05,0.1,688.0,-192.0,0.0,0.0,0.0,0.05,0.1,1.0
688.0,-256.0,0.0,0.0,0.0,0.05,0.1,768.0,-256.0,0.0,0.0,0.0,0.05,0.1,688.0,-144.0,0.0,0.0,0.0,0.05,0.1,768.0,-144.0,0.0,0.0,0.0,0.05,0.1,1.0
768.0,-212.0,0.0,0.0,0.0,0.05,0.1,800.0,-212.0,0.0,0.0,0.0,0.05,0.1,768.0,-124.0,0.0,0.0,0.0,0.05,0.1,800.0,-124.0,0.0,0.0,0.0,0.05,0.1,1.0
800.0,-180.0,0.0,0.0,0.0,0.05,0.1,976.0,-180.0,0.0,0.0,0.0,0.05,0.1,800.0,-92.0,0.0,0.0,0.0,0.05,0.1,976.0,-92.0,0.0,0.0,0.0,0.05,0.1,1.0
976.0,-160.0,0.0,0.0,0.0,0.05,0.1,1200.0,-160.0,0.0,0.0,0.0,0.05,0.1,976.0,-64.0,0.0,0.0,0.0,0.05,0.1,1200.0,-64.0,0.0,0.0,0.0,0.05,0.1,1.0
1200.0,-244.0,0.0,0.0,0.0,0.05,0.1,1264.0,-244.0,0.0,0.0,0.0,0.05,0.1,1200.0,-108.0,0.0,0.0,0.0,0.05,0.1,1264.0,-108.0,0.0,0.0,0.0,0.05,0.1,1.0
1264.0,-330.0,0.0,0.0,0.0,0.05,0.1,1344.0,-330.0,0.0,0.0,0.0,0.05,0.1,1264.0,-158.0,0.0,0.0,0.0,0.05,0.1,1344.0,-158.0,0.0,0.0,0.0,0.05,0.1,1.0
1344.0,-320.0,0.0,0.0,0.0,0.05,0.1,1456.0,-320.0,0.0,0.0,0.0,0.01,0.01,1344.0,-208.0,0.0,0.0,0.0,0.05,0.1,1456.0,-208.0,0.0,0.0,0.0,0.05,0.09,1.0
1456.0,-282.0,0.0,0.0,0.0,0.03,0.04,1520.0,-282.0,0.0,0.0,0.0,0.05,0.1,1456.0,-198.0,0.0,0.0,0.0,0.05,0.1,1520.0,-198.0,0.0,0.0,0.0,0.05,0.1,1.0
1520.0,-208.0,0.0,0.0,0.0,0.05,0.1,1648.0,-208.0,0.0,0.0,0.0,0.05,0.1,1520.0,-80.0,0.0,0.0,0.0,0.05,0.1,1648.0,-80.0,0.0,0.0,0.0,0.05,0.1,1.0
1568.0,-80.0,0.0,0.0,0.0,0.05,0.1,1648.0,-80.0,0.0,0.0,0.0,0.05,0.1,1568.0,16.0,0.0,0.0,0.0,0.05,0.1,1648.0,16.0,0.0,0.0,0.0,0.05,0.1,1.0
1648.0,-64.0,0.0,0.0,0.0,0.05,0.1,1792.0,-64.0,0.0,0.0,0.0,0.05,0.1,1648.0,16.0,0.0,0.0,0.0,0.05,0.1,1792.0,16.0,0.0,0.0,0.0,0.05,0.1,1.0
1792.0,-128.0,0.0,0.0,0.0,0.05,0.1,1888.0,-128.0,0.0,0.0,0.0,0.05,0.1,1792.0,0.0,0.0,0.0,0.0,0.05,0.1,1888.0,0.0,0.0,0.0,0.0,0.05,0.1,1.0
1888.0,-268.0,0.0,0.0,0.0,0.05,0.1,2016.0,-268.0,0.0,0.0,0.0,0.05,0.1,1888.0,-20.0,0.0,0.0,0.0,0.05,0.1,2016.0,-20.0,0.0,0.0,0.0,0.05,0.1,1.0
2016.0,-256.0,0.0,0.0,0.0,0.05,0.1,2144.0,-256.0,0.0,0.0,0.0,0.05,0.1,2016.0,-16.0,0.0,0.0,0.0,0.05,0.1,2144.0,-16.0,0.0,0.0,0.0,0.05,0.05,1.0
2144.0,-272.0,0.0,0.0,0.0,0.05,0.1,2224.0,-272.0,0.0,0.0,0.0,0.05,0.1,2144.0,-96.0,0.0,0.0,0.0,0.05,0.07,2224.0,-96.0,0.0,0.0,0.0,0.05,0.1,1.0
2224.0,-272.0,0.0,0.0,0.0,0.05,0.1,2288.0,-272.0,0.0,0.0,0.0,0.05,0.1,2224.0,-144.0,0.0,0.0,0.0,0.05,0.1,2288.0,-144.0,0.0,0.0,0.0,0.05,0.1,1.0
2048.0,-16.0,0.0,0.0,0.0,0.05,0.09,2144.0,-16.0,0.0,0.0,0.0,0.05,0.05,2048.0,112.0,0.0,0.0,0.0,0.05,0.1,2144.0,112.0,0.0,0.0,0.0,0.05,0.1,1.0
2096.0,112.0,0.0,0.0,0.0,0.05,0.1,2224.0,112.0,0.0,0.0,0.0,0.05,0.1,2096.0,240.0,0.0,0.0,0.0,0.05,0.1,2224.0,240.0,0.0,0.0,0.0,0.18,0.22,1.0
2098.0,240.0,0.0,0.0,0.0,0.05,0.1,2242.0,240.0,0.0,0.0,0.0,0.2,0.24,2098.0,400.0,0.0,0.0,0.0,0.2,0.24,2242.0,400.0,0.0,0.0,0.0,0.2,0.24,1.0
2160.0,512.0,0.0,0.0,0.0,0.2,0.24,2432.0,512.0,0.0,0.0,0.0,0.2,0.24,2160.0,576.0,0.0,0.0,0.0,0.2,0.24,2432.0,576.0,0.0,0.0,0.0,0.2,0.24,1.0
2432.0,544.0,0.0,0.0,0.0,0.2,0.24,2560.0,544.0,0.0,0.0,0.0,0.2,0.24,2432.0,592.0,0.0,0.0,0.0,0.2,0.24,2560.0,592.0,0.0,0.0,0.0,0.2,0.24,1.0
2560.0,576.0,0.0,0.0,0.0,0.2,0.24,2720.0,576.0,0.0,0.0,0.0,0.2,0.24,2560.0,608.0,0.0,0.0,0.0,0.2,0.24,2720.0,608.0,0.0,0.0,0.0,0.2,0.24,1.0
2720.0,560.0,0.0,0.0,0.0,0.2,0.24,2816.0,560.0,0.0,0.0,0.0,0.06,0.11,2720.0,608.0,0.0,0.0,0.0,0.2,0.24,2816.0,608.0,0.0,0.0,0.0,0.06,0.11,1.0
2816.0,576.0,0.0,0.0,0.0,0.06,0.11,3000.0,576.0,0.0,0.0,0.0,1.0,0.0,2816.0,752.0,0.0,0.0,0.0,0.05,0.1,3000.0,752.0,0.0,0.0,0.0,1.0,0.0,1.0
-656.0,576.0,0.0,0.0,0.0,0.23,0.25,-496.0,576.0,0.0,0.0,0.0,0.06,0.1,-656.0,672.0,0.0,0.0,0.0,0.24,0.26,-496.0,672.0,0.0,0.0,0.0,0.06,0.11,1.0
-740.0,672.0,0.0,0.0,0.0,0.33,0.33,-484.0,672.0,0.0,0.0,0.0,0.05,0.1,-740.0,784.0,0.0,0.0,0.0,0.05,0.1,-484.0,784.0,0.0,0.0,0.0,0.05,0.1,1.0
-720.0,784.0,0.0,0.0,0.0,0.05,0.1,-384.0,784.0,0.0,0.0,0.0,0.05,0.1,-720.0,1008.0,0.0,0.0,0.0,0.05,0.1,-384.0,1008.0,0.0,0.0,0.0,0.05,0.1,1.0
-640.0,1008.0,0.0,0.0,0.0,0.05,0.1,-400.0,1008.0,0.0,0.0,0.0,0.05,0.1,-640.0,1216.0,0.0,0.0,0.0,0.05,0.1,-400.0,1216.0,0.0,0.0,0.0,0.05,0.1,1.0
-880.0,1296.0,0.0,0.0,0.0,0.05,0.1,-688.0,1296.0,0.0,0.0,0.0,0.05,0.1,-880.0,1408.0,0.0,0.0,0.0,0.05,0.1,-688.0,1408.0,0.0,0.0,0.0,0.05,0.1,1.0
-688.0,1216.0,0.0,0.0,0.0,0.05,0.1,-400.0,1216.0,0.0,0.0,0.0,0.05,0.1,-688.0,1424.0,0.0,0.0,0.0,0.05,0.1,-400.0,1424.0,0.0,0.0,0.0,0.05,0.1,1.0
-672.0,1424.0,0.0,0.0,0.0,0.05,0.1,-448.0,1424.0,0.0,0.0,0.0,0.05,0.1,-672.0,1616.0,0.0,0.0,0.0,0.05,0.1,-448.0,1616.0,0.0,0.0,0.0,0.05,0.1,1.0
-832.0,1616.0,0.0,0.0,0.0,0.05,0.1,-512.0,1616.0,0.0,0.0,0.0,0.05,0.1,-832.0,1728.0,0.0,0.0,0.0,0.05,0.1,-512.0,1728.0,0.0,0.0,0.0,0.05,0.1,1.0
-984.0,1632.0,0.0,0.0,0.0,0.05,0.1,-832.0,1632.0,0.0,0.0,0.0,0.05,0.1,-984.0,1712.0,0.0,0.0,0.0,0.05,0.1,-832.0,1712.0,0.0,0.0,0.0,0.05,0.1,1.0
-832.0,1728.0,0.0,0.0,0.0,0.05,0.1,-576.0,1728.0,0.0,0.0,0.0,0.05,0.1,-832.0,2032.0,0.0,0.0,0.0,0.05,0.1,-576.0,2032.0,0.0,0.0,0.0,0.05,0.1,1.0
-1248.0,2536.0,40.6,0.0,0.0,0.05,0.1,-1088.0,2536.0,40.6,0.0,0.0,0.05,0.1,-1248.0,2824.0,40.6,0.0,0.0,0.05,0.1,-1088.0,2824.0,40.6,0.0,0.0,0.05,0.1,1.0
-1088.0,2544.0,40.6,0.0,0.0,0.05,0.1,-1040.0,2544.0,40.6,0.0,0.0,0.05,0.1,-1088.0,2800.0,40.6,0.0,0.0,0.05,0.1,-1040.0,2800.0,40.6,0.0,0.0,0.05,0.1,1.0
-1040.0,2544.0,40.6,0.0,0.0,0.05,0.1,-832.0,2544.0,40.6,0.0,0.0,0.05,0.1,-1040.0,2760.0,40.6,0.0,0.0,0.05,0.1,-832.0,2760.0,40.6,0.0,0.0,0.01,0.05,1.0
-1088.0,2416.0,40.6,0.0,0.0,0.05,0.1,-832.0,2416.0,40.6,0.0,0.0,0.05,0.1,-1088.0,2544.0,40.6,0.0,0.0,0.05,0.1,-832.0,2544.0,40.6,0.0,0.0,0.05,0.1,1.0
-1040.0,2304.0,40.6,0.0,0.0,0.05,0.1,-864.0,2304.0,40.6,0.0,0.0,0.05,0.1,-1040.0,2416.0,40.6,0.0,0.0,0.05,0.1,-864.0,2416.0,40.6,0.0,0.0,0.05,0.1,1.0
-1024.0,2144.0,40.6,0.0,0.0,0.05,0.1,-864.0,2144.0,40.6,0.0,0.0,0.05,0.1,-1024.0,2304.0,40.6,0.0,0.0,0.05,0.1,-864.0,2304.0,40.6,0.0,0.0,0.05,0.1,1.0
-1072.0,2152.0,40.6,0.0,0.0,0.05,0.1,-1024.0,2152.0,40.6,0.0,0.0,0.05,0.1,-1072.0,2264.0,40.6,0.0,0.0,0.05,0.1,-1024.0,2264.0,40.6,0.0,0.0,0.05,0.1,1.0
-1200.0,2114.0,40.6,0.0,0.0,0.05,0.1,-1072.0,2114.0,40.6,0.0,0.0,0.05,0.1,-1200.0,2242.0,40.6,0.0,0.0,0.05,0.1,-1072.0,2242.0,40.6,0.0,0.0,0.05,0.1,1.0
-976.0,2016.0,40.6,0.0,0.0,0.05,0.1,-848.0,2016.0,40.6,0.0,0.0,0.05,0.1,-976.0,2144.0,40.6,0.0,0.0,0.05,0.1,-848.0,2144.0,40.6,0.0,0.0,0.05,0.1,1.0
-864.0,2144.0,40.6,0.0,0.0,0.05,0.1,-448.0,2144.0,40.6,0.0,0.0,0.05,0.1,-864.0,2272.0,40.6,0.0,0.0,0.05,0.1,-448.0,2272.0,40.6,0.0,0.0,0.05,0.1,1.0
-700.0,2272.0,40.6,0.0,0.0,0.05,0.1,-484.0,2272.0,40.6,0.0,0.0,0.05,0.1,-700.0,2320.0,40.6,0.0,0.0,0.05,0.1,-484.0,2320.0,40.6,0.0,0.0,0.05,0.1,1.0
-608.0,2320.0,40.6,0.0,0.0,0.05,0.1,-528.0,2320.0,40.6,0.0,0.0,0.05,0.1,-608.0,2352.0,40.6,0.0,0.0,0.05,0.1,-528.0,2352.0,40.6,0.0,0.0,0.05,0.1,1.0
-848.0,2044.0,40.6,0.0,0.0,0.05,0.1,-816.0,2044.0,40.6,0.0,0.0,0.05,0.1,-848.0,2144.0,40.6,0.0,0.0,0.05,0.1,-816.0,2144.0,40.6,0.0,0.0,0.05,0.1,1.0
-816.0,2060.0,40.6,0.0,0.0,0.05,0.1,-496.0,2060.0,40.6,0.0,0.0,0.05,0.1,-816.0,2144.0,40.6,0.0,0.0,0.05,0.1,-496.0,2144.0,40.6,0.0,0.0,0.05,0.1,1.0
-604.0,2036.0,40.6,0.0,0.0,0.05,0.1,-484.0,2036.0,40.6,0.0,0.0,0.05,0.1,-604.0,2060.0,40.6,0.0,0.0,0.05,0.1,-484.0,2060.0,40.6,0.0,0.0,0.05,0.1,1.0
2376.0,-3000.0,0.0,0.0,0.0,1.0,0.0,3000.0,-3000.0,0.0,0.0,0.0,1.0,0.0,2376.0,-2688.0,0.0,0.0,0.0,0.67,0.1,3000.0,-2688.0,0.0,0.0,0.0,1.0,0.0,1.0
2520.0,-2688.0,0.0,0.0,0.0,0.75,0.08,3000.0,-2688.0,0.0,0.0,0.0,1.0,0.0,2520.0,-2560.0,0.0,0.0,0.0,0.2,0.24,3000.0,-2560.0,0.0,0.0,0.0,1.0,0.0,1.0
-1328.0,2082.0,40.6,0.0,0.0,0.05,0.1,-1200.0,2082.0,40.6,0.0,0.0,0.05,0.1,-1328.0,2210.0,40.6,0.0,0.0,0.05,0.1,-1200.0,2210.0,40.6,0.0,0.0,0.05,0.1,1.0
-1400.0,2074.0,40.6,0.0,0.0,0.05,0.1,-1328.0,2074.0,40.6,0.0,0.0,0.05,0.1,-1400.0,2150.0,40.6,0.0,0.0,0.05,0.1,-1328.0,2150.0,40.6,0.0,0.0,0.05,0.1,1.0
-1248.0,-144.0,0.0,0.0,0.0,0.2,0.24,-992.0,-144.0,0.0,0.0,0.0,0.2,0.24,-1248.0,208.0,0.0,0.0,0.0,0.14,0.17,-992.0,208.0,0.0,0.0,0.0,0.09,0.11,1.0
-1176.0,-432.0,0.0,0.0,0.0,0.2,0.24,-992.0,-432.0,0.0,0.0,0.0,0.2,0.24,-1176.0,-144.0,0.0,0.0,0.0,0.2,0.24,-992.0,-144.0,0.0,0.0,0.0,0.2,0.24,1.0
-1792.0,-592.0,0.0,0.0,0.0,0.2,0.24,-1728.0,-592.0,0.0,0.0,0.0,0.2,0.24,-1792.0,-144.0,0.0,0.0,0.0,0.2,0.24,-1728.0,-144.0,0.0,0.0,0.0,0.2,0.24,1.0
-1792.0,170.0,0.0,0.0,0.0,0.2,0.24,-1600.0,170.0,0.0,0.0,0.0,0.2,0.24,-1792.0,274.0,0.0,0.0,0.0,0.2,0.24,-1600.0,274.0,0.0,0.0,0.0,0.2,0.24,1.0
-1600.0,168.0,0.0,0.0,0.0,0.2,0.24,-1256.0,168.0,0.0,0.0,0.0,0.2,0.24,-1600.0,208.0,0.0,0.0,0.0,0.2,0.24,-1256.0,208.0,0.0,0.0,0.0,0.14,0.17,1.0
-1574.0,-44.0,0.0,0.0,0.0,0.2,0.24,-1550.0,-44.0,0.0,0.0,0.0,0.2,0.24,-1574.0,108.0,0.0,0.0,0.0,0.2,0.24,-1550.0,108.0,0.0,0.0,0.0,0.2,0.24,1.0
1928.0,-1222.0,18.0,0.0,0.0,0.0,0.0,2012.0,-1222.0,18.0,0.0,0.0,0.0,0.0,1928.0,-1178.0,18.0,0.0,0.0,0.0,0.0,2012.0,-1178.0,18.0,0.0,0.0,0.0,0.0,3.0
-464.0,-1908.0,0.0,0.0,0.0,0.2,0.24,-280.0,-1908.0,0.0,0.0,0.0,0.2,0.24,-464.0,-1832.0,0.0,0.0,0.0,0.2,0.24,-280.0,-1832.0,0.0,0.0,0.0,0.2,0.24,1.0
2248.0,-1182.0,23.34,0.0,0.0,0.0,0.0,2260.0,-1182.0,23.34,0.0,0.0,0.0,0.0,2248.0,-1170.0,23.34,0.0,0.0,0.0,0.0,2260.0,-1170.0,23.34,0.0,0.0,0.0,0.0,3.0
2292.0,-1432.0,22.16,0.0,0.0,0.0,0.0,2328.0,-1432.0,22.16,0.0,0.0,0.0,0.0,2292.0,-1400.0,22.16,0.0,0.0,0.0,0.0,2328.0,-1400.0,22.16,0.0,0.0,0.0,0.0,3.0
1888.0,1468.0,8.6,0.0,0.0,0.0,0.0,2036.0,1468.0,8.6,0.0,0.0,0.0,0.0,1888.0,1700.0,8.6,0.0,0.0,0.0,0.0,2036.0,1700.0,8.6,0.0,0.0,0.0,0.0,3.0
2090.0,1670.0,9.61,0.0,0.0,0.0,0.0,2146.0,1670.0,9.61,0.0,0.0,0.0,0.0,2090.0,1694.0,9.61,0.0,0.0,0.0,0.0,2146.0,1694.0,9.61,0.0,0.0,0.0,0.0,3.0
2110.0,1234.0,7.83,0.0,0.0,0.0,0.0,2178.0,1234.0,7.83,0.0,0.0,0.0,0.0,2110.0,1330.0,7.83,0.0,0.0,0.0,0.0,2178.0,1330.0,7.83,0.0,0.0,0.0,0.0,3.0
2108.0,1084.0,7.56,0.0,0.0,0.0,0.0,2180.0,1084.0,7.56,0.0,0.0,0.0,0.0,2108.0,1172.0,7.56,0.0,0.0,0.0,0.0,2180.0,1172.0,7.56,0.0,0.0,0.0,0.0,3.0
2506.0,1546.0,8.97,0.0,0.0,0.0,0.0,2554.0,1546.0,8.97,0.0,0.0,0.0,0.0,2506.0,1586.0,8.97,0.0,0.0,0.0,0.0,2554.0,1586.0,8.97,0.0,0.0,0.0,0.0,3.0
1270.0,-812.0,86.67,0.0,0.0,0.0,0.0,1290.0,-812.0,86.67,0.0,0.0,0.0,0.0,1270.0,-800.0,86.67,0.0,0.0,0.0,0.0,1290.0,-800.0,86.67,0.0,0.0,0.0,0.0,3.0
1084.0,-684.0,112.0,0.0,0.0,0.0,0.0,1104.0,-684.0,112.0,0.0,0.0,0.0,0.0,1084.0,-660.0,112.0,0.0,0.0,0.0,0.0,1104.0,-660.0,112.0,0.0,0.0,0.0,0.0,3.0
502.0,-1114.0,78.42,0.0,0.0,0.0,0.0,522.0,-1114.0,78.42,0.0,0.0,0.0,0.0,502.0,-1098.0,78.42,0.0,0.0,0.0,0.0,522.0,-1098.0,78.42,0.0,0.0,0.0,0.0,3.0
214.0,-1208.0,74.0,0.0,0.0,0.0,0.0,246.0,-1208.0,74.0,0.0,0.0,0.0,0.0,214.0,-1180.0,74.0,0.0,0.0,0.0,0.0,246.0,-1180.0,74.0,0.0,0.0,0.0,0.0,3.0
218.0,-1180.0,74.0,0.0,0.0,0.0,0.0,238.0,-1180.0,74.0,0.0,0.0,0.0,0.0,218.0,-1172.0,74.0,0.0,0.0,0.0,0.0,238.0,-1172.0,74.0,0.0,0.0,0.0,0.0,3.0
178.0,-1244.0,77.05,0.0,0.0,0.0,0.0,206.0,-1244.0,77.05,0.0,0.0,0.0,0.0,178.0,-1216.0,77.05,0.0,0.0,0.0,0.0,206.0,-1216.0,77.05,0.0,0.0,0.0,0.0,3.0
1744.0,2780.0,8.47,0.0,0.0,0.0,0.0,1792.0,2780.0,8.47,0.0,0.0,0.0,0.0,1744.0,2868.0,8.47,0.0,0.0,0.0,0.0,1792.0,2868.0,8.47,0.0,0.0,0.0,0.0,3.0
-2832.0,2888.0,0.0,0.0,0.0,0.97,0.01,3000.0,2888.0,0.0,0.0,0.0,1.0,0.0,-2832.0,3000.0,0.0,0.0,0.0,1.0,0.0,3000.0,3000.0,0.0,0.0,0.0,1.0,0.0,1.0
-2778.0,-522.0,2.79,0.0,0.0,0.0,0.0,-2662.0,-522.0,2.79,0.0,0.0,0.0,0.0,-2778.0,-414.0,2.79,0.0,0.0,0.0,0.0,-2662.0,-414.0,2.79,0.0,0.0,0.0,0.0,1.0
1520.0,-252.0,0.0,0.0,0.0,0.05,0.1,1572.0,-252.0,0.0,0.0,0.0,0.05,0.1,1520.0,-208.0,0.0,0.0,0.0,0.05,0.1,1572.0,-208.0,0.0,0.0,0.0,0.05,0.1,1.0
2922.0,752.0,0.0,0.0,0.0,0.6,0.04,3000.0,752.0,0.0,0.0,0.0,1.0,0.0,2922.0,2888.0,0.0,0.0,0.0,1.0,0.0,3000.0,2888.0,0.0,0.0,0.0,1.0,0.0,1.0
-3000.0,-446.0,0.0,0.0,0.0,1.0,0.0,-2910.0,-446.0,0.0,0.0,0.0,0.2,0.24,-3000.0,354.0,0.0,0.0,0.0,1.0,0.0,-2910.0,354.0,0.0,0.0,0.0,0.57,0.13,1.0
-2434.0,2224.0,0.0,0.0,0.0,0.2,0.24,-2294.0,2224.0,0.0,0.0,0.0,0.2,0.24,-2434.0,2340.0,0.0,0.0,0.0,0.2,0.24,-2294.0,2340.0,0.0,0.0,0.0,0.2,0.24,1.0
-2294.0,2224.0,0.0,0.0,0.0,0.2,0.24,-2208.0,2224.0,0.0,0.0,0.0,0.2,0.24,-2294.0,2312.0,0.0,0.0,0.0,0.2,0.24,-2208.0,2312.0,0.0,0.0,0.0,0.2,0.24,1.0
2058.0,1868.0,9.63,0.0,0.0,0.0,0.0,2110.0,1868.0,9.63,0.0,0.0,0.0,0.0,2058.0,1964.0,9.63,0.0,0.0,0.0,0.0,2110.0,1964.0,9.63,0.0,0.0,0.0,0.0,3.0
-3000.0,2942.0,0.0,0.0,0.0,1.0,0.0,-2832.0,2942.0,0.0,0.0,0.0,0.98,0.01,-3000.0,3000.0,0.0,0.0,0.0,1.0,0.0,-2832.0,3000.0,0.0,0.0,0.0,1.0,0.0,1.0
-550.0,2004.0,40.6,0.0,0.0,0.05,0.1,-494.0,2004.0,40.6,0.0,0.0,0.05,0.1,-550.0,2036.0,40.6,0.0,0.0,0.05,0.1,-494.0,2036.0,40.6,0.0,0.0,0.05,0.1,1.0
-896.0,842.0,0.0,0.0,0.0,0.27,0.3,-776.0,842.0,0.0,0.0,0.0,0.4,0.4,-896.0,954.0,0.0,0.0,0.0,0.4,0.4,-776.0,954.0,0.0,0.0,0.0,0.4,0.4,1.0
-2240.0,1336.0,0.0,0.0,0.0,0.2,0.24,-2088.0,1336.0,0.0,0.0,0.0,0.2,0.24,-2240.0,1432.0,0.0,0.0,0.0,0.2,0.24,-2088.0,1432.0,0.0,0.0,0.0,0.2,0.24,1.0
-3000.0,-822.0,0.0,0.0,0.0,1.0,0.0,-2930.0,-822.0,0.0,0.0,0.0,0.45,0.06,-3000.0,-446.0,0.0,0.0,0.0,1.0,0.0,-2930.0,-446.0,0.0,0.0,0.0,0.38,0.19,1.0
-2660.0,2224.0,0.0,0.0,0.0,0.2,0.24,-2520.0,2224.0,0.0,0.0,0.0,0.2,0.24,-2660.0,2264.0,0.0,0.0,0.0,0.2,0.24,-2520.0,2264.0,0.0,0.0,0.0,0.2,0.24,1.0
-378.0,-460.0,0.0,0.0,0.0,0.05,0.1,-138.0,-460.0,0.0,0.0,0.0,0.05,0.1,-378.0,-400.0,0.0,0.0,0.0,0.04,0.08,-138.0,-400.0,0.0,0.0,0.0,0.01,0.04,1.0
1836.0,1468.0,8.6,0.0,0.0,0.0,0.0,1888.0,1468.0,8.6,0.0,0.0,0.0,0.0,1836.0,1568.0,8.6,0.0,0.0,0.0,0.0,1888.0,1568.0,8.6,0.0,0.0,0.0,0.0,3.0
890.0,-1106.0,22.41,0.0,0.0,0.0,0.0,902.0,-1106.0,22.41,0.0,0.0,0.0,0.0,890.0,-1098.0,22.41,0.0,0.0,0.0,0.0,902.0,-1098.0,22.41,0.0,0.0,0.0,0.0,3.0
1202.0,-2414.0,8.86,0.0,0.0,0.0,0.0,1278.0,-2414.0,8.86,0.0,0.0,0.0,0.0,1202.0,-2334.0,8.86,0.0,0.0,0.0,0.0,1278.0,-2334.0,8.86,0.0,0.0,0.0,0.0,1.0
1072.0,-2412.0,0.0,0.0,0.0,0.25,0.22,1128.0,-2412.0,0.0,0.0,0.0,0.24,0.23,1072.0,-2372.0,0.0,0.0,0.0,0.2,0.24,1128.0,-2372.0,0.0,0.0,0.0,0.2,0.24,1.0
-848.0,-2082.0,5.27,0.0,0.0,0.0,0.0,-664.0,-2082.0,5.27,0.0,0.0,0.0,0.0,-848.0,-1866.0,5.27,0.0,0.0,0.0,0.0,-664.0,-1866.0,5.27,0.0,0.0,0.0,0.0,0.0
-664.0,-1924.0,5.27,0.0,0.0,0.0,0.0,-464.0,-1924.0,5.27,0.0,0.0,0.0,0.0,-664.0,-1864.0,5.27,0.0,0.0,0.0,0.0,-464.0,-1864.0,5.27,0.0,0.0,0.0,0.0,0.0
-1484.0,784.0,0.0,0.0,0.0,0.2,0.24,-1424.0,784.0,0.0,0.0,0.0,0.2,0.24,-1484.0,840.0,0.0,0.0,0.0,0.2,0.24,-1424.0,840.0,0.0,0.0,0.0,0.2,0.24,1.0
-496.0,566.0,0.0,0.0,0.0,0.06,0.1,-432.0,566.0,0.0,0.0,0.0,0.14,0.18,-496.0,642.0,0.0,0.0,0.0,0.06,0.11,-432.0,642.0,0.0,0.0,0.0,0.0,0.0,1.0
250.0,2808.0,0.0,0.0,0.0,0.2,0.24,818.0,2808.0,0.0,0.0,0.0,0.2,0.24,250.0,2888.0,0.0,0.0,0.0,0.98,0.0,818.0,2888.0,0.0,0.0,0.0,0.99,0.0,1.0
2502.0,-2240.0,0.0,0.0,0.0,0.2,0.24,2670.0,-2240.0,0.0,0.0,0.0,0.2,0.24,2502.0,-2120.0,-5.0,0.0,0.0,0.0,0.0,2670.0,-2120.0,-5.0,0.0,0.0,0.0,0.0,1.0
1270.0,-780.0,1082.73,0.0,0.0,0.0,0.0,1290.0,-780.0,1082.73,0.0,0.0,0.0,0.0,1270.0,-768.0,1082.73,0.0,0.0,0.0,0.0,1290.0,-768.0,1082.73,0.0,0.0,0.0,0.0,3.0
88.0,544.0,0.0,0.0,0.0,0.18,0.22,120.0,544.0,0.0,0.0,0.0,0.17,0.2,88.0,572.0,0.0,0.0,0.0,0.0,0.0,120.0,572.0,0.0,0.0,0.0,0.13,0.15,1.0
1856.0,-202.0,0.0,0.0,0.0,0.0,0.0,1888.0,-202.0,0.0,0.0,0.0,0.05,0.1,1856.0,-158.0,0.0,0.0,0.0,0.0,0.0,1888.0,-158.0,0.0,0.0,0.0,0.05,0.1,1.0
-2048.0,-962.0,30.4,0.0,0.0,0.0,0.0,-2004.0,-962.0,30.4,0.0,0.0,0.0,0.0,-2048.0,-758.0,30.4,0.0,0.0,0.0,0.0,-2004.0,-758.0,30.4,0.0,0.0,0.0,0.0,3.0
2564.0,2370.0,16.4,0.0,0.0,0.0,0.0,2604.0,2370.0,16.4,0.0,0.0,0.0,0.0,2564.0,2398.0,16.4,0.0,0.0,0.0,0.0,2604.0,2398.0,16.4,0.0,0.0,0.0,0.0,3.0
-2522.0,-310.0,35.38,0.0,0.0,0.0,0.0,-2382.0,-310.0,35.38,0.0,0.0,0.0,0.0,-2522.0,-234.0,35.38,0.0,0.0,0.0,0.0,-2382.0,-234.0,35.38,0.0,0.0,0.0,0.0,1.0
2872.0,-2136.0,0.0,0.0,0.0,0.29,0.21,2888.0,-2136.0,0.0,0.0,0.0,0.38,0.19,2872.0,-2120.0,0.0,0.0,0.0,0.0,0.0,2888.0,-2120.0,0.0,0.0,0.0,0.38,0.19,1.0
2760.0,-2240.0,0.0,0.0,0.0,0.2,0.24,2776.0,-2240.0,0.0,0.0,0.0,0.2,0.24,2760.0,-2232.0,0.0,0.0,0.0,0.0,0.0,2776.0,-2232.0,0.0,0.0,0.0,0.2,0.24,1.0
-912.0,208.0,0.0,0.0,0.0,0.08,0.09,-724.0,208.0,0.0,0.0,0.0,0.02,0.03,-912.0,20.0,0.0,0.0,0.0,0.14,0.17,1.0
-1610.0,168.0,0.0,0.0,0.0,0.2,0.24,-1550.0,168.0,0.0,0.0,0.0,0.2,0.24,-1550.0,108.0,0.0,0.0,0.0,0.2,0.24,1.0
-1728.0,-62.0,0.0,0.0,0.0,0.2,0.24,-1568.0,-62.0,0.0,0.0,0.0,0.2,0.24,-1728.0,-222.0,0.0,0.0,0.0,0.2,0.24,1.0
-1724.0,170.0,0.0,0.0,0.0,0.2,0.24,-1612.0,170.0,0.0,0.0,0.0,0.2,0.24,-1724.0,58.0,0.0,0.0,0.0,0.2,0.24,1.0
-1550.0,168.0,0.0,0.0,0.0,0.2,0.24,-1362.0,168.0,0.0,0.0,0.0,0.2,0.24,-1550.0,-20.0,0.0,0.0,0.0,0.2,0.24,1.0
-1722.0,-62.0,0.0,0.0,0.0,0.2,0.24,-1574.0,-62.0,0.0,0.0,0.0,0.2,0.24,-1574.0,86.0,0.0,0.0,0.0,0.2,0.24,1.0
