2555.46,2292.25,2.28,0.0
2559.08,2278.01,1.99,0.0
2563.53,2264.64,1.6,0.0
2569.44,2252.51,1.13,0.0
2576.08,2241.17,0.6,0.0
2583.81,2231.03,0.04,0.0
2592.07,2221.31,-0.54,0.0
2601.5,2212.3,-1.14,0.0
2611.11,2204.15,-1.69,0.0
2621.37,2196.12,-2.22,0.0
2632.07,2188.61,-2.69,0.0
2642.83,2181.28,-3.07,0.0
2653.72,2174.08,-3.36,0.0
2664.6,2167.05,-3.53,0.0
2676.09,2159.46,-3.58,0.0
2686.47,2152.52,-3.47,0.0
2696.85,2145.1,-3.23,0.0
2706.93,2137.56,-2.87,0.0
2716.7,2129.47,-2.41,0.0
2726.12,2120.9,-1.88,0.0
2735.05,2111.73,-1.29,0.0
2743.66,2101.79,-0.65,0.0
2751.43,2091.12,-0.01,0.0
2758.76,2079.43,0.65,0.0
2765.17,2066.97,1.28,0.0
2770.88,2053.57,1.87,0.0
2775.83,2038.72,2.41,0.0
2779.5,2023.02,2.86,0.0
2780.07,2020.26,2.92,0.0
2782.71,2005.75,3.23,0.0
2783.22,2000.04,3.3,0.0
2784.37,1986.93,3.47,0.0
2784.67,1977.39,3.52,0.0
2784.97,1969.79,3.57,0.0
2784.96,1964.88,3.58,0.0
2784.81,1961.89,3.58,0.0
2784.5,1959.03,3.58,0.0
2783.55,1955.25,3.58,0.0
2782.64,1952.6,3.58,0.0
2781.57,1948.93,3.58,0.0
2781.06,1945.7,3.58,0.0
2781.06,1943.62,3.58,0.0
2781.06,1927.39,3.62,0.0
2781.07,1914.79,4.15,0.0
2781.12,1913.49,4.26,0.0
2781.12,1899.2,5.49,0.0
2781.11,1886.07,6.89,0.0
2781.11,1873.26,8.17,0.0
2781.11,1864.88,8.92,0.0
2781.06,1853.28,9.59,0.0
2781.06,1844.58,9.82,0.0
2781.06,1834.93,9.82,0.0
2781.06,1825.23,9.82,0.0
2781.06,1816.16,9.82,0.0
2781.08,1808.86,9.82,0.0
2780.98,1799.0,9.82,0.0
2780.98,1788.71,9.82,0.0
2780.98,1777.33,9.82,0.0
2780.98,1768.52,9.82,1.0
2780.98,1758.13,9.82,0.0
2780.98,1743.79,9.82,0.0
2780.98,1734.83,9.82,0.0
2780.98,1728.13,9.82,0.0
2780.98,1722.6,9.82,0.0
2780.99,1718.28,9.82,0.0
2780.97,1716.03,9.82,0.0
2780.97,1711.37,9.82,0.0
2780.97,1707.28,9.82,0.0
2780.97,1703.6,9.82,0.0
2780.97,1700.0,9.82,0.0
2781.0,1696.28,9.82,0.0
2781.06,1690.78,9.82,0.0
2781.06,1685.65,9.82,0.0
2781.07,1680.0,9.82,0.0
2781.07,1674.8,9.82,0.0
2781.06,1670.01,9.82,0.0
2781.06,1666.37,9.82,0.0
2781.06,1661.24,9.82,0.0
2781.06,1658.69,9.82,0.0
2781.2,1654.48,9.82,0.0
2781.37,1650.16,9.82,0.0
2781.81,1646.49,9.82,0.0
2782.73,1642.78,9.82,0.0
2784.66,1639.29,9.82,0.0
2787.51,1635.2,9.82,0.0
2792.23,1629.21,9.82,0.0
2799.47,1620.96,9.82,0.0
2805.65,1613.36,9.82,0.0
2811.04,1606.86,9.82,0.0
2816.99,1599.41,9.82,0.0
2823.73,1592.13,9.82,0.0
2829.99,1584.33,9.82,0.0
2835.63,1576.03,9.82,0.0
2840.72,1567.34,9.82,0.0
2845.39,1558.47,9.82,0.0
2849.52,1549.35,9.82,0.0
2853.13,1540.19,9.82,0.0
2856.25,1531.03,9.82,0.0
2858.87,1522.05,9.82,0.0
2861.01,1513.13,9.82,0.0
2862.67,1504.48,9.82,0.0
2863.82,1496.24,9.82,0.0
2864.46,1488.39,9.82,0.0
2864.8,1483.23,9.82,0.0
2864.79,1443.23,9.82,0.0
2864.81,1339.26,9.82,0.0
2864.79,1275.23,9.82,1.0
2864.77,1239.22,9.82,0.0
2864.8,1223.22,9.82,0.0
2863.06,1213.11,9.68,0.0
2859.71,1201.67,9.7,0.0
2854.94,1188.44,9.72,0.0
2848.94,1173.8,9.74,0.0
2841.76,1158.17,9.75,0.0
2833.74,1141.74,9.77,0.0
2824.83,1125.04,9.78,0.0
2815.42,1108.31,9.79,0.0
2805.54,1091.93,9.81,0.0
2781.99,1060.04,10.99,0.0
2773.97,1048.94,10.43,0.0
2768.24,1038.42,10.25,0.0
2765.13,1029.13,9.93,0.0
2764.79,1023.27,9.93,0.0
2764.76,983.25,9.9,0.0
2764.79,743.26,9.9,0.0
2765.28,528.72,7.71,0.0
2765.4,472.75,7.29,0.0
2764.91,442.76,6.9,0.0
2764.95,407.45,6.69,0.0
2765.44,378.8,6.7,0.0
2765.28,349.49,6.71,0.0
2765.19,323.32,6.99,0.0
2765.33,295.26,7.29,0.0
2767.32,281.64,7.29,0.0
2771.09,267.7,7.94,0.0
2781.32,239.5,8.56,0.0
2793.07,208.59,10.48,0.0
2801.55,181.01,13.67,0.0
2805.72,167.82,15.5,0.0
2810.5,153.68,17.44,0.0
2813.83,141.86,19.16,0.0
2816.88,128.25,21.12,0.0
2820.73,105.33,24.01,0.0
2823.47,85.26,25.43,0.0
2825.9,64.19,26.05,0.0
2827.61,36.33,26.91,0.0
2828.1,-80.38,32.75,0.0
2828.3,-92.68,32.99,0.0
2827.78,-104.36,33.22,0.0
2826.92,-112.04,32.98,0.0
2825.17,-120.2,32.72,0.0
2822.26,-129.66,32.03,0.0
2817.87,-141.14,31.25,0.0
2812.63,-153.24,30.19,0.0
2806.93,-166.69,29.01,0.0
2799.7,-181.35,27.56,0.0
2793.03,-194.68,26.23,0.0
2785.43,-208.47,24.74,0.0
2777.32,-223.32,23.12,0.0
2769.43,-238.36,21.32,0.0
2763.1,-250.25,19.89,0.0
2758.99,-257.67,19.03,0.0
2755.34,-263.58,18.36,0.0
2750.31,-269.71,17.64,0.0
2744.43,-274.62,17.07,0.0
2737.84,-278.0,16.57,0.0
2730.29,-280.57,16.13,0.0
2720.58,-283.91,15.57,0.0
2695.26,-290.21,14.46,0.0
2672.26,-293.69,13.44,0.0
2649.13,-295.32,12.75,0.0
2624.78,-294.77,12.51,0.0
2600.62,-292.79,12.96,0.0
2583.51,-290.69,13.52,0.0
2566.63,-287.65,14.19,0.0
2549.74,-285.01,14.67,0.0
2532.91,-282.77,15.32,0.0
2517.02,-280.7,15.72,0.0
2507.75,-279.56,16.05,0.0
2499.82,-278.44,16.16,0.0
2467.57,-275.0,16.92,0.0
2452.81,-273.94,17.16,0.0
2436.5,-272.75,17.43,0.0
2422.33,-271.84,17.52,0.0
2406.88,-271.93,17.61,0.0
2393.35,-272.95,18.29,0.0
2378.96,-275.78,18.96,0.0
2365.74,-280.64,20.79,0.0
2353.27,-285.95,22.42,0.0
2341.12,-292.51,24.72,0.0
2329.16,-300.05,27.06,0.0
2317.75,-307.82,29.39,0.0
2305.86,-315.81,31.99,0.0
2294.58,-323.38,34.15,0.0
2282.67,-331.14,36.3,0.0
2271.58,-337.5,37.58,0.0
2258.92,-343.77,39.07,0.0
2247.89,-348.04,40.12,0.0
2235.41,-352.02,41.28,0.0
2225.1,-354.44,42.77,0.0
2213.41,-356.42,44.27,0.0
2192.47,-357.99,47.65,0.0
2172.22,-357.75,51.01,0.0
2152.26,-356.85,53.96,0.0
2132.2,-356.3,56.12,0.0
2110.47,-357.44,58.14,0.0
2098.41,-358.93,59.43,0.0
2086.85,-361.49,60.73,0.0
2074.94,-364.76,62.03,0.0
2062.98,-369.18,63.45,0.0
2051.58,-374.93,64.64,0.0
2040.59,-381.48,65.91,0.0
2030.52,-390.21,66.82,0.0
2021.4,-399.35,67.71,0.0
2013.71,-411.05,68.08,0.0
2007.15,-423.44,68.44,0.0
2001.95,-436.4,68.68,0.0
1998.04,-450.33,68.93,0.0
1995.33,-462.27,69.38,0.0
1993.52,-476.76,69.92,0.0
1993.16,-489.47,70.42,0.0
1994.63,-502.88,71.13,0.0
1997.87,-516.48,71.42,0.0
2002.35,-528.94,71.68,0.0
2009.66,-542.1,71.48,0.0
2017.94,-554.66,71.08,0.0
2029.73,-568.33,70.37,0.0
2042.05,-580.44,69.45,0.0
2057.01,-593.6,67.68,0.0
2070.11,-605.05,66.2,0.0
2083.76,-616.52,63.97,0.0
2095.88,-626.71,62.06,0.0
2109.04,-637.23,59.67,0.0
2122.11,-647.61,57.31,0.0
2135.91,-658.29,54.75,0.0
2149.29,-668.61,52.06,0.0
2167.82,-682.46,49.08,0.0
2178.7,-690.67,47.0,0.0
2185.01,-695.55,46.02,0.0
2211.31,-715.08,42.41,0.0
2223.78,-726.67,40.62,0.0
2240.34,-741.82,38.26,0.0
2260.23,-770.42,34.85,0.0
2272.81,-800.72,32.02,0.0
2279.96,-832.3,29.46,0.0
2283.46,-864.87,27.52,0.0
2284.98,-897.82,25.54,0.0
2284.98,-927.86,25.68,0.0
2284.98,-960.26,25.83,0.0
2284.98,-992.5,25.93,0.0
2284.98,-1022.77,26.03,0.0
2284.98,-1052.79,26.06,0.0
2284.98,-1085.27,26.1,0.0
2284.99,-1137.6,25.86,0.0
2284.89,-1161.6,25.74,0.0
2284.99,-1186.05,24.76,0.0
2284.89,-1218.03,23.2,0.0
2284.99,-1282.03,23.2,0.0
2284.99,-1298.03,23.2,0.0
2284.89,-1314.03,23.2,0.0
2284.89,-1330.03,23.2,0.0
2284.89,-1346.03,23.2,0.0
2284.89,-1362.03,23.2,0.0
2284.9,-1372.04,23.2,0.0
2284.86,-1379.0,23.09,0.0
2284.9,-1384.04,23.11,0.0
2284.9,-1389.02,23.11,0.0
2284.9,-1396.04,23.1,0.0
2284.41,-1411.97,23.04,0.0
2283.38,-1427.88,22.9,0.0
2281.51,-1443.72,22.66,0.0
2278.9,-1459.45,22.33,0.0
2275.68,-1474.01,21.9,0.0
2274.27,-1479.06,21.75,0.0
2273.19,-1484.06,21.58,0.0
2271.92,-1489.06,21.58,0.0
2270.46,-1494.06,21.46,0.0
2266.59,-1505.3,20.77,0.0
2260.77,-1519.89,20.07,0.0
2256.12,-1530.9,19.27,0.0
2250.36,-1545.14,18.9,0.0
2244.31,-1559.95,18.17,0.0
2232.12,-1589.54,16.7,0.0
2226.29,-1603.74,15.85,0.0
2219.96,-1618.27,15.13,0.0
2214.23,-1634.89,14.6,0.0
2212.68,-1640.69,14.45,0.0
2211.13,-1646.48,14.3,0.0
2209.52,-1652.27,14.14,0.0
2207.99,-1658.09,13.97,0.0
2204.31,-1671.66,13.6,0.0
2201.64,-1685.8,13.14,0.0
2199.45,-1702.74,12.74,0.0
2198.65,-1720.34,12.48,0.0
2198.6,-1726.34,12.43,0.0
2198.55,-1732.34,12.39,0.0
2198.55,-1738.34,12.38,0.0
2198.65,-1744.34,12.38,0.0
2198.65,-1760.34,12.38,0.0
2198.72,-1862.34,12.75,0.0
2198.72,-1866.46,12.75,0.0
2198.72,-1882.46,12.75,0.0
2198.72,-1889.46,12.75,0.0
2198.71,-1894.46,12.75,0.0
2198.71,-1899.46,12.75,0.0
2198.75,-1906.46,12.75,0.0
2197.98,-1913.28,12.75,0.0
2196.4,-1919.29,12.75,0.0
2193.85,-1925.51,12.75,0.0
2190.77,-1930.9,12.75,0.0
2186.7,-1936.25,12.75,0.0
2182.33,-1940.66,12.75,0.0
2176.15,-1945.55,12.75,0.0
2170.77,-1948.68,12.75,0.0
2164.58,-1951.28,12.75,0.0
2158.59,-1952.91,12.75,0.0
2151.93,-1953.82,12.75,0.0
2145.87,-1953.85,12.75,0.0
2133.68,-1953.85,12.75,0.0
2117.68,-1953.85,12.75,0.0
2101.68,-1953.85,12.75,0.0
2069.68,-1953.85,12.75,0.0
2053.68,-1953.75,12.75,0.0
2021.68,-1953.75,12.75,0.0
1989.68,-1953.75,12.75,0.0
1956.68,-1953.85,12.73,0.0
1939.64,-1953.85,12.75,0.0
1923.64,-1953.85,12.75,0.0
1878.01,-1953.84,12.75,0.0
1841.7,-1953.9,12.55,0.0
1725.12,-1953.81,12.55,1.0
1696.98,-1953.73,12.55,0.0
1499.35,-1953.79,12.55,0.0
1484.48,-1953.79,12.55,0.0
1472.55,-1954.08,12.55,0.0
1460.61,-1954.06,12.55,0.0
1448.57,-1953.87,12.55,0.0
1436.41,-1953.31,12.18,0.0
1424.02,-1952.31,11.79,0.0
1411.37,-1950.58,11.2,0.0
1398.43,-1948.14,10.23,0.0
1385.06,-1944.82,8.73,0.0
1371.28,-1940.48,7.37,0.0
1356.99,-1935.08,5.24,0.0
1342.17,-1928.29,2.53,0.0
1334.48,-1923.8,1.26,0.0
1325.94,-1917.76,-0.01,0.0
1316.66,-1910.07,-1.08,0.0
1306.81,-1901.24,-2.12,0.0
1296.54,-1891.0,-2.76,0.0
1285.85,-1879.76,-3.6,0.0
1274.63,-1867.69,-3.81,0.0
1263.07,-1854.95,-4.02,0.0
1251.46,-1841.6,-4.44,0.0
1224.59,-1810.83,-5.0,0.0
1197.64,-1779.76,-5.32,0.0
1170.68,-1748.21,-5.46,0.0
1143.4,-1716.56,-5.43,0.0
1115.95,-1684.55,-5.27,0.0
1088.05,-1652.5,-5.01,0.0
1060.02,-1620.38,-4.67,0.0
1031.55,-1588.3,-4.28,0.0
1002.7,-1556.24,-3.88,0.0
973.45,-1524.47,-3.49,0.0
943.81,-1492.9,-3.14,0.0
913.65,-1461.66,-2.85,0.0
882.99,-1430.9,-2.66,0.0
851.78,-1400.67,-2.6,0.0
836.01,-1386.07,-2.64,0.0
819.97,-1370.91,-2.69,0.0
815.0,-1366.51,-2.67,1.0
799.17,-1352.65,-2.61,0.0
778.25,-1333.63,-2.54,0.0
775.44,-1330.98,-2.53,0.0
730.11,-1292.51,-1.65,0.0
684.11,-1255.7,-0.17,0.0
637.32,-1220.75,1.78,0.0
589.52,-1187.75,4.1,0.0
540.88,-1157.1,6.65,0.0
491.42,-1129.07,9.31,0.0
440.47,-1103.5,11.99,0.0
388.57,-1080.9,14.53,0.0
335.44,-1061.4,16.84,0.0
281.04,-1045.29,18.77,0.0
225.3,-1032.67,20.22,0.0
168.17,-1023.82,21.07,0.0
109.58,-1018.92,21.19,0.0
89.83,-1018.56,20.9,0.0
49.59,-1018.0,20.47,0.0
37.84,-1018.09,20.09,0.0
26.11,-1018.02,19.99,0.0
14.34,-1018.02,19.93,0.0
2.62,-1018.01,19.89,0.0
-9.1,-1017.98,19.8,0.0
-20.84,-1018.07,19.62,0.0
-32.59,-1018.13,19.32,0.0
-44.36,-1018.0,18.84,0.0
-56.09,-1018.05,18.14,0.0
-67.89,-1018.07,17.16,0.0
-79.64,-1018.09,15.89,0.0
-91.37,-1018.02,14.26,0.0
-106.65,-1018.74,12.31,0.0
-122.39,-1020.57,11.04,0.0
-138.34,-1023.59,10.37,0.0
-154.37,-1027.62,10.22,0.0
-170.19,-1032.59,10.53,0.0
-185.55,-1038.6,11.24,0.0
-200.24,-1045.35,12.27,0.0
-214.0,-1052.89,13.55,0.0
-226.64,-1061.05,15.02,0.0
-237.89,-1069.9,16.62,0.0
-247.51,-1079.35,18.27,0.0
-255.31,-1089.14,19.89,0.0
-262.32,-1099.4,21.58,0.0
-269.9,-1110.38,23.39,0.0
-278.05,-1121.91,25.29,0.0
-286.47,-1133.8,27.23,0.0
-295.26,-1145.84,29.18,0.0
-304.12,-1157.94,31.09,0.0
-312.95,-1169.88,32.92,0.0
-321.73,-1181.41,34.62,0.0
-330.13,-1192.48,36.16,0.0
-338.2,-1202.83,37.48,0.0
-345.65,-1212.32,38.56,0.0
-352.52,-1220.65,39.33,0.0
-359.75,-1228.1,39.88,0.0
-368.79,-1235.04,40.31,0.0
-379.34,-1241.46,40.64,0.0
-391.13,-1247.05,40.87,0.0
-403.8,-1251.52,41.02,0.0
-417.11,-1254.99,41.1,0.0
-430.82,-1256.99,41.14,0.0
-444.45,-1257.56,41.13,0.0
-457.86,-1256.44,41.1,0.0
-470.71,-1253.47,41.07,0.0
-482.74,-1248.62,41.04,0.0
-493.62,-1241.61,41.02,0.0
-503.48,-1234.0,41.02,0.0
-511.61,-1227.65,41.02,0.0
-518.67,-1222.31,41.02,0.0
-524.9,-1217.55,41.02,0.0
-530.67,-1213.05,41.02,0.0
-536.56,-1208.61,41.02,0.0
-542.76,-1203.71,41.02,0.0
-549.87,-1198.12,41.02,0.0
-558.13,-1191.46,41.02,0.0
-567.98,-1183.36,41.02,0.0
-579.88,-1173.59,41.02,0.0
-594.1,-1161.69,41.02,0.0
-609.6,-1149.69,41.38,0.0
-624.79,-1139.98,42.39,0.0
-639.56,-1132.26,43.92,0.0
-653.95,-1126.56,45.85,0.0
-667.97,-1122.8,48.06,0.0
-681.56,-1120.82,50.43,0.0
-694.75,-1120.54,52.84,0.0
-707.46,-1121.81,55.16,0.0
-719.65,-1124.5,57.26,0.0
-731.42,-1128.57,59.05,0.0
-742.62,-1133.88,60.37,0.0
-753.37,-1140.26,61.12,0.0
-763.21,-1146.96,61.57,0.0
-772.24,-1153.67,62.07,0.0
-780.48,-1160.46,62.66,0.0
-787.88,-1167.66,63.34,0.0
-794.57,-1175.53,64.15,0.0
-800.58,-1184.36,65.12,0.0
-805.97,-1194.36,66.25,0.0
-810.67,-1205.8,67.59,0.0
-815.12,-1218.82,69.15,0.0
-818.98,-1233.74,70.94,0.0
-822.5,-1250.9,73.01,0.0
-825.73,-1270.44,75.36,0.0
-828.61,-1291.18,77.87,0.0
-829.61,-1299.06,78.82,0.0
-831.29,-1311.59,80.34,0.0
-833.85,-1331.58,82.75,0.0
-836.65,-1350.93,85.05,0.0
-839.5,-1369.75,87.23,0.0
-842.97,-1387.65,89.23,0.0
-847.02,-1404.64,91.02,0.0
-851.84,-1420.61,92.57,0.0
-857.62,-1435.35,93.83,0.0
-864.5,-1448.8,94.78,0.0
-872.69,-1460.84,95.37,0.0
-882.33,-1471.32,95.58,0.0
-893.69,-1479.85,95.24,0.0
-906.82,-1486.56,94.26,0.0
-921.7,-1491.46,92.69,0.0
-938.04,-1494.97,90.57,0.0
-955.63,-1497.5,87.94,0.0
-974.2,-1499.21,84.86,0.0
-993.64,-1500.43,81.35,0.0
-1013.45,-1501.52,77.51,0.0
-1033.69,-1502.76,73.33,0.0
-1053.94,-1504.5,68.89,0.0
-1074.11,-1507.1,64.22,0.0
-1093.89,-1510.74,59.38,0.0
-1113.11,-1514.3,54.49,0.0
-1132.3,-1516.68,49.71,0.0
-1151.52,-1518.07,45.11,0.0
-1170.91,-1518.11,40.75,0.0
-1190.55,-1517.82,36.71,0.0
-1210.57,-1516.89,33.04,0.0
-1231.07,-1515.54,29.82,0.0
-1252.14,-1514.16,27.11,0.0
-1273.84,-1512.36,24.98,0.0
-1296.44,-1510.97,23.49,0.0
-1316.2,-1510.56,22.72,0.0
-1344.01,-1509.94,22.71,0.0
-1367.69,-1509.61,22.55,0.0
-1392.21,-1509.24,22.09,0.0
-1417.53,-1508.7,21.39,0.0
-1443.5,-1507.9,20.51,0.0
-1469.89,-1506.62,19.49,0.0
-1496.61,-1504.85,18.39,0.0
-1523.42,-1502.34,17.27,0.0
-1550.13,-1499.03,16.17,0.0
-1576.65,-1494.81,15.15,0.0
-1602.64,-1489.4,14.27,0.0
-1628.29,-1482.77,13.57,0.0
-1652.76,-1474.82,13.11,0.0
-1676.36,-1465.42,12.95,0.0
-1699.23,-1453.47,12.95,0.0
-1721.65,-1438.41,12.95,0.0
-1743.85,-1420.62,12.95,0.0
-1765.37,-1400.63,12.95,0.0
-1786.23,-1378.8,12.95,0.0
-1806.29,-1355.62,12.95,0.0
-1825.43,-1331.5,12.95,0.0
-1843.69,-1306.78,12.95,0.0
-1860.64,-1282.31,12.95,0.0
-1876.64,-1258.1,12.95,0.0
-1891.2,-1234.68,12.95,0.0
-1904.45,-1212.6,12.95,0.0
-1916.16,-1192.2,12.95,0.0
-1926.5,-1173.1,13.15,0.0
-1935.91,-1154.23,13.7,0.0
-1944.19,-1135.52,14.54,0.0
-1951.49,-1116.71,15.61,0.0
-1957.97,-1097.86,16.83,0.0
-1963.38,-1078.58,18.16,0.0
-1967.95,-1058.86,19.51,0.0
-1971.66,-1038.61,20.83,0.0
-1974.65,-1017.52,22.06,0.0
-1976.75,-995.47,23.13,0.0
-1978.16,-972.71,23.96,0.0
-1978.85,-948.38,24.52,0.0
-1978.88,-922.85,24.72,0.0
-1978.68,-896.64,24.72,0.0
-1978.54,-870.61,24.72,0.0
-1978.42,-844.77,24.72,0.0
-1978.38,-819.06,24.72,0.0
-1978.4,-793.5,24.72,0.0
-1978.49,-768.07,24.72,0.0
-1978.66,-742.72,24.72,0.0
-1978.81,-717.47,24.72,0.0
-1979.06,-692.29,24.72,0.0
-1979.3,-667.2,24.72,0.0
-1979.53,-642.11,24.72,0.0
-1979.81,-617.1,24.72,0.0
-1980.12,-592.06,24.95,0.0
-1980.15,-586.05,24.91,0.0
-1980.11,-580.03,24.91,0.0
-1980.14,-574.02,24.91,0.0
-1980.14,-568.07,24.72,0.0
-1980.12,-552.04,24.71,0.0
-1980.1,-536.04,24.71,0.0
-1979.98,-520.05,24.71,0.0
-1979.42,-504.03,24.71,0.0
-1978.36,-488.03,24.71,0.0
-1977.0,-472.04,24.71,0.0
-1975.44,-456.03,24.71,0.0
-1973.58,-440.05,24.71,0.0
-1971.77,-424.05,24.71,0.0
-1970.11,-408.04,24.71,0.0
-1968.51,-392.04,24.71,0.0
-1967.15,-376.06,24.71,0.0
-1966.14,-360.04,24.71,0.0
-1965.35,-344.05,24.71,0.0
-1964.12,-328.02,24.71,0.0
-1962.33,-312.05,24.71,0.0
-1960.09,-296.04,24.71,0.0
-1957.66,-280.04,24.71,0.0
-1955.13,-264.02,24.71,0.0
-1952.56,-248.05,24.71,0.0
-1950.53,-232.04,24.71,0.0
-1948.81,-216.03,24.71,0.0
-1947.26,-200.03,24.71,0.0
-1945.94,-184.04,24.71,0.0
-1944.83,-168.04,24.71,0.0
-1944.48,-152.03,24.71,0.0
-1944.43,-136.05,24.71,0.0
-1944.51,-40.04,24.71,0.0
-1944.42,-11.95,24.71,0.0
-1944.48,123.96,24.71,0.0
-1944.1,139.88,24.71,1.0
-1943.54,155.88,24.71,0.0
-1942.72,171.88,24.71,0.0
-1941.66,187.85,24.71,0.0
-1941.27,191.7,24.71,0.0
-1939.52,207.62,24.54,0.0
-1938.25,216.06,24.12,0.0
-1935.68,231.87,23.3,0.0
-1931.81,248.96,21.77,0.0
-1926.95,263.38,20.2,0.0
-1921.13,275.46,18.48,0.0
-1912.58,286.48,16.59,0.0
-1903.29,296.44,14.69,0.0
-1893.74,305.18,12.87,0.0
-1883.61,312.46,11.08,0.0
-1872.72,319.36,9.23,0.0
-1861.14,326.95,7.25,0.0
-1848.55,335.44,4.78,0.0
-1821.79,353.23,0.26,0.0
-1808.68,362.25,-0.54,0.0
-1795.41,371.44,-0.48,0.0
-1782.28,380.66,0.14,0.0
-1769.16,389.94,1.02,0.0
-1756.16,399.26,2.22,0.0
-1743.26,408.71,3.78,0.0
-1730.31,418.1,5.55,0.0
-1717.39,427.54,7.48,0.0
-1704.42,436.92,9.66,0.0
-1691.44,446.3,11.98,0.0
-1678.53,455.71,14.29,0.0
-1665.61,465.17,16.7,0.0
-1652.63,474.53,19.15,0.0
-1639.71,483.94,21.45,0.0
-1613.8,502.76,25.75,0.0
-1600.87,512.13,27.93,0.0
-1574.91,530.93,31.61,0.0
-1549.02,549.71,33.39,0.0
-1523.12,568.5,33.58,0.0
-1458.41,615.53,33.58,0.0
-1290.21,737.81,33.58,0.0
-1082.96,888.28,33.58,0.0
-1005.43,944.7,33.58,0.0
-992.44,954.08,33.58,0.0
-831.63,1071.2,33.58,0.0
-772.47,1113.93,32.54,0.0
-760.64,1122.39,32.07,0.0
-747.76,1131.23,31.5,0.0
-734.1,1140.17,30.84,0.0
-719.86,1148.83,30.13,0.0
-701.23,1158.93,29.17,0.0
-690.42,1164.13,28.66,0.0
-675.58,1170.16,27.98,0.0
-660.87,1174.76,27.35,0.0
-642.41,1178.73,26.7,0.0
-598.09,1188.22,25.95,0.0
-563.86,1195.53,26.2,0.0
-477.33,1213.87,28.45,0.0
-437.53,1222.78,29.31,0.0
-418.54,1226.89,29.6,0.0
-399.55,1231.02,29.79,0.0
-380.94,1235.0,29.8,0.0
-367.73,1237.92,29.7,0.0
-357.8,1240.39,29.59,0.0
-325.94,1248.88,29.09,0.0
-301.61,1255.33,28.56,0.0
-288.15,1258.77,28.23,0.0
-273.56,1262.16,27.84,0.0
-257.78,1265.6,27.36,0.0
-240.63,1269.06,26.55,0.0
-222.0,1272.44,25.39,0.0
-201.78,1275.84,23.92,0.0
-179.84,1279.15,22.24,0.0
-156.04,1282.27,20.52,0.0
-130.29,1285.32,19.02,0.0
-109.4,1287.6,18.27,0.0
-89.8,1289.44,17.85,0.0
-70.97,1291.0,17.52,0.0
-52.89,1292.24,17.27,0.0
-35.79,1293.15,17.1,0.0
-19.24,1293.61,17.02,0.0
-3.27,1293.71,17.01,0.0
12.1,1293.46,17.01,0.0
27.07,1292.81,17.13,0.0
41.59,1291.71,17.45,0.0
55.81,1290.2,17.91,0.0
69.74,1288.21,18.47,0.0
83.46,1285.71,19.08,0.0
97.09,1282.74,19.71,0.0
110.66,1279.31,20.33,0.0
124.18,1275.24,20.89,0.0
137.79,1270.72,21.36,0.0
151.55,1265.66,21.7,0.0
165.52,1259.98,21.85,0.0
179.8,1253.69,21.85,0.0
194.82,1246.97,21.85,0.0
210.2,1240.66,21.85,0.0
225.74,1234.72,21.85,0.0
241.37,1229.34,21.85,0.0
257.18,1224.36,21.85,0.0
273.04,1219.87,21.85,0.0
289.01,1215.97,21.85,0.0
305.03,1212.52,21.74,0.0
321.05,1209.8,21.52,0.0
337.02,1207.56,21.16,0.0
353.0,1206.01,20.64,0.0
368.9,1205.04,19.99,0.0
384.65,1204.75,19.23,0.0
400.31,1205.23,18.4,0.0
415.87,1206.32,17.52,0.0
431.19,1208.21,16.62,0.0
446.31,1210.88,15.71,0.0
461.23,1214.32,14.84,0.0
475.81,1218.57,14.01,0.0
490.11,1223.72,13.24,0.0
504.1,1229.74,12.57,0.0
517.74,1236.64,12.02,0.0
536.14,1247.17,11.49,0.0
556.0,1258.49,11.13,0.0
574.04,1268.79,10.9,0.0
590.45,1278.19,10.8,0.0
605.37,1286.81,10.79,0.0
619.08,1294.76,10.79,0.0
631.63,1302.31,10.79,0.0
643.25,1309.43,10.79,0.0
654.11,1316.4,10.79,0.0
664.3,1323.33,10.79,0.0
674.06,1330.31,10.79,0.0
683.49,1337.56,10.79,0.0
692.82,1345.26,10.79,0.0
701.66,1352.92,10.78,0.0
708.6,1360.58,10.77,0.0
714.68,1369.4,10.74,0.0
720.07,1379.35,10.7,0.0
724.72,1390.46,10.64,0.0
728.68,1402.62,10.56,0.0
732.1,1415.81,10.45,0.0
734.91,1430.03,10.31,0.0
737.23,1445.2,10.12,0.0
739.12,1461.33,9.89,0.0
740.6,1478.35,9.62,0.0
741.69,1496.26,9.3,0.0
742.48,1515.02,8.95,0.0
743.02,1534.6,8.56,0.0
743.28,1554.94,8.14,0.0
743.44,1597.91,7.24,0.0
743.39,1615.59,6.88,0.0
742.99,1697.59,5.45,0.0
742.51,1787.34,4.46,0.0
740.75,2026.49,5.71,0.0
739.33,2113.86,11.37,0.0
739.19,2129.2,12.14,0.0
739.32,2143.65,13.12,0.0
739.27,2157.16,13.86,0.0
738.88,2169.64,14.59,0.0
738.42,2181.07,15.04,0.0
738.07,2191.25,15.71,0.0
737.99,2200.12,16.11,0.0
737.8,2207.75,16.28,0.0
737.54,2214.13,16.41,0.0
736.92,2223.61,16.58,0.0
736.19,2234.99,16.8,0.0
734.84,2247.36,17.03,0.0
733.11,2259.99,17.26,0.0
731.3,2274.33,17.48,0.0
729.38,2289.3,17.68,0.0
727.85,2304.9,17.85,0.0
726.84,2321.07,18.0,0.0
726.01,2337.65,18.16,0.0
725.61,2354.59,18.32,0.0
725.5,2371.74,18.49,0.0
726.06,2389.02,18.66,0.0
727.33,2406.34,18.82,0.0
729.29,2423.59,18.99,0.0
731.91,2440.69,19.14,0.0
735.3,2457.49,19.29,0.0
739.85,2473.92,19.42,0.0
745.89,2489.86,19.54,0.0
753.86,2507.9,19.67,0.0
771.72,2548.15,19.83,0.0
779.63,2565.64,19.85,0.0
787.28,2581.56,19.85,0.0
794.44,2596.12,19.85,0.0
801.16,2609.48,19.85,0.0
807.47,2621.8,19.85,0.0
813.5,2633.25,19.85,0.0
819.08,2644.01,19.85,0.0
825.75,2657.32,19.85,0.0
829.14,2663.62,19.85,0.0
836.31,2676.04,19.85,0.0
844.52,2686.97,19.85,0.0
855.3,2699.83,19.8,0.0
866.1,2712.16,19.68,0.0
877.37,2723.58,19.49,0.0
889.09,2733.89,19.25,0.0
901.41,2742.82,18.95,0.0
914.52,2749.94,18.54,0.0
928.76,2755.16,18.33,0.0
943.54,2758.08,17.62,0.0
957.71,2758.7,17.08,0.0
967.25,2758.55,16.71,0.0
977.85,2758.36,16.27,0.0
989.51,2758.19,15.79,0.0
997.9,2757.88,15.25,0.0
1008.22,2756.36,15.0,0.0
1018.69,2753.58,14.75,0.0
1029.29,2749.43,14.49,0.0
1039.8,2744.17,14.24,0.0
1050.59,2737.89,13.97,0.0
1061.35,2731.02,13.71,0.0
1072.24,2722.62,13.45,0.0
1083.12,2713.39,13.19,0.0
1093.99,2704.61,12.92,0.0
1104.93,2696.44,12.66,0.0
1115.85,2687.86,12.39,0.0
1126.65,2679.03,12.13,0.0
1137.38,2670.39,11.87,0.0
1148.27,2662.34,11.61,0.0
1158.95,2654.99,11.35,0.0
1169.65,2648.35,11.09,0.0
1180.25,2643.38,10.83,0.0
1190.78,2639.12,10.58,0.0
1201.09,2635.65,10.33,0.0
1211.67,2633.41,10.07,0.0
1221.98,2632.27,9.82,0.0
1236.12,2632.27,9.82,0.0
1399.54,2632.26,9.82,0.0
1439.62,2632.26,9.82,1.0
1464.58,2632.34,9.82,0.0
1481.99,2632.34,9.82,0.0
1598.19,2632.29,9.82,0.0
1605.92,2632.32,9.82,0.0
1607.91,2632.38,9.82,0.0
1609.89,2632.49,9.82,0.0
1611.89,2632.75,9.82,0.0
1613.89,2633.43,9.82,0.0
1615.85,2634.07,9.82,0.0
1617.92,2634.72,9.82,0.0
1619.85,2635.34,9.82,0.0
1621.86,2635.71,9.82,0.0
1623.91,2635.99,9.82,0.0
1625.89,2636.25,9.82,0.0
1629.9,2636.23,9.82,0.0
1640.27,2636.69,9.82,0.0
1650.86,2637.7,9.82,0.0
1661.69,2639.41,9.82,0.0
1672.69,2641.66,9.82,0.0
1683.78,2644.43,9.82,0.0
1695.03,2647.45,9.82,0.0
1706.38,2651.0,9.82,0.0
1717.8,2654.73,9.82,0.0
1729.22,2658.7,9.82,0.0
1752.09,2666.88,9.82,0.0
1763.53,2671.03,9.82,0.0
1774.87,2675.03,9.82,0.0
1786.21,2678.84,9.82,0.0
1797.4,2682.39,9.82,0.0
1808.41,2685.59,9.82,0.0
1819.45,2688.52,9.82,0.0
1830.32,2690.88,9.82,0.0
1841.07,2692.64,9.82,0.0
1851.54,2693.78,9.82,0.0
1861.65,2694.2,9.82,0.0
1941.9,2694.18,9.82,0.0
2021.92,2694.18,9.82,0.0
2092.4,2694.22,10.02,0.0
2149.91,2694.2,9.82,0.0
2153.89,2693.94,9.82,0.0
2155.93,2693.71,9.82,0.0
2157.93,2693.4,9.82,0.0
2159.91,2693.17,9.82,0.0
2161.93,2692.6,9.82,0.0
2163.92,2691.97,9.82,0.0
2165.95,2691.32,9.82,0.0
2167.91,2690.81,9.82,0.0
2169.96,2690.42,9.82,0.0
2171.93,2690.28,9.82,0.0
2173.92,2690.21,9.82,0.0
2181.92,2690.14,9.82,0.0
2229.69,2690.17,9.82,0.0
2421.92,2690.18,9.82,0.0
2437.92,2690.21,9.82,0.0
2448.59,2689.52,9.82,0.0
2458.72,2687.62,9.82,0.0
2468.27,2684.53,9.82,0.0
2477.31,2680.4,9.82,0.0
2485.8,2675.44,9.82,0.0
2493.61,2669.54,9.82,0.0
2500.92,2662.83,9.82,0.0
2507.65,2655.54,9.82,0.0
2513.86,2647.75,9.82,0.0
2519.59,2639.43,9.82,0.0
2524.7,2630.79,9.82,0.0
2529.39,2621.91,9.82,0.0
2533.53,2612.81,9.82,0.0
2537.1,2603.65,9.82,0.0
2540.26,2594.45,9.82,0.0
2542.86,2585.39,9.82,0.0
2544.98,2576.48,9.82,0.0
2546.63,2567.92,9.82,0.0
2547.83,2559.61,9.82,0.0
2548.52,2551.78,9.82,0.0
2548.77,2544.49,9.82,0.0
2548.76,2528.55,9.82,0.0
2548.82,2524.55,9.82,0.0
2548.77,2512.5,9.82,0.0
2548.74,2496.49,9.82,0.0
2548.8,2480.47,9.82,0.0
2548.84,2478.49,9.82,0.0
2548.93,2476.48,9.82,0.0
2549.37,2474.49,9.82,0.0
2549.88,2472.48,9.82,0.0
2550.59,2470.49,9.82,0.0
2551.22,2468.51,9.82,0.0
2551.69,2466.53,9.82,0.0
2552.09,2464.49,9.82,0.0
2552.27,2462.48,9.82,0.0
2552.52,2460.48,9.82,0.0
2552.7,2458.49,9.82,0.0
2552.82,2454.29,9.81,0.0
2552.82,2440.76,9.71,0.0
2552.7,2424.66,9.37,0.0
2552.7,2408.5,8.79,0.0
2552.7,2392.21,7.97,0.0
2552.72,2377.2,7.0,0.0
2552.74,2360.6,5.71,0.0
2552.81,2344.89,4.25,0.0
2552.76,2329.03,2.55,0.0
2552.76,2324.34,2.49,0.0
2552.97,2318.76,2.47,0.0
2553.54,2307.62,2.36,0.0
-1539.11,134.14,2.78,0.0
-1551.21,121.83,2.78,0.0
-1562.47,110.91,2.78,0.0
-1573.65,99.56,2.78,0.0
-1585.17,87.95,2.78,0.0
-1596.52,76.77,2.78,0.0
-1605.56,67.47,2.78,0.0
-1611.79,61.67,2.78,0.0
-1618.45,54.84,2.98,0.0
-1624.68,48.36,2.78,0.0
-1635.77,37.18,2.78,0.0
-1652.96,20.37,2.78,0.0
-1663.23,11.2,2.78,0.0
-1674.7,0.94,2.78,0.0
-1684.27,-8.36,2.78,0.0
-1693.35,-17.37,2.78,0.0
-1703.67,-25.4,2.78,0.0
-1714.22,-31.1,2.78,0.0
-1726.49,-33.41,2.78,0.0
-1740.41,-33.46,2.78,0.0
-1755.09,-33.47,2.78,0.0
-1773.69,-33.47,3.5,0.0
-1813.33,-33.47,6.48,0.0
-1825.69,-33.48,8.07,0.0
-1841.8,-33.54,10.46,0.0
-1866.92,-33.57,14.24,0.0
-1880.1,-33.55,16.42,0.0
-1891.11,-33.5,18.21,0.0
-1894.11,-33.46,18.73,0.0
-1897.22,-33.16,19.33,0.0
-1902.02,-32.36,20.19,0.0
-1907.02,-31.46,20.99,0.0
-1911.73,-29.65,21.64,0.0
-1916.13,-27.35,22.19,0.0
-1919.83,-24.25,22.72,0.0
-1922.23,-20.25,23.06,0.0
-1923.93,-16.05,23.45,0.0
-1925.03,-11.74,23.77,0.0
-1926.33,-3.74,24.36,0.0
-1927.44,3.37,24.71,0.0
-1928.5,10.68,24.71,0.0
-1929.49,18.74,24.71,0.0
-1930.05,24.54,24.71,0.0
-1930.23,27.87,24.71,0.0
-1930.48,29.92,24.71,0.0
-1931.13,31.92,24.71,0.0
-1931.78,33.97,24.71,0.0
-1932.58,36.08,24.71,0.0
-1933.4,38.38,24.71,0.0
-1933.83,41.03,24.71,0.0
-1934.03,42.68,24.71,0.0
-1934.03,45.13,24.71,0.0
-1934.13,47.43,24.71,0.0
-1934.03,50.28,24.71,0.0
-1934.03,51.98,24.71,0.0
-1934.23,54.37,24.71,0.0
-1934.18,57.87,24.71,0.0
-1934.14,62.52,24.71,0.0
-1934.15,67.1,24.71,0.0
-1934.11,72.91,24.71,0.0
-1934.13,78.2,24.71,0.0
-1934.01,89.16,24.71,0.0
-1934.07,104.41,24.71,0.0
-1933.88,123.74,24.71,0.0
-1933.55,139.92,24.71,0.0
-1933.13,154.49,24.71,0.0
-1932.14,173.94,24.71,0.0
-2253.64,39.72,34.17,0.0
-2254.46,19.72,34.17,0.0
-2254.99,-0.28,34.17,0.0
-2255.52,-20.28,34.17,0.0
-2255.52,-40.28,34.17,0.0
-2255.52,-60.28,34.17,0.0
-2254.43,-63.34,34.17,0.0
-2254.27,-63.72,34.17,0.0
-2252.66,-66.25,34.17,0.0
-2249.4,-68.57,34.17,0.0
-2246.9,-69.94,34.17,0.0
-2243.81,-70.19,34.17,0.0
-2237.2,-70.16,34.17,0.0
-2197.2,-70.11,34.17,0.0
-2174.91,-70.11,34.17,0.0
-2171.84,-69.2,34.17,0.0
-2169.91,-67.79,34.17,0.0
-2168.24,-65.88,34.17,0.0
-2167.08,-63.63,34.17,0.0
-2166.72,-60.28,34.17,0.0
-2166.68,-39.74,34.17,0.0
-2166.69,-19.74,34.17,0.0
-2166.69,0.26,34.17,0.0
-2166.61,20.29,34.17,0.0
-2165.75,23.72,34.17,0.0
-2164.01,27.2,34.17,0.0
-2161.31,29.65,34.17,0.0
-2157.2,30.62,34.17,0.0
-2137.2,30.41,34.17,0.0
-2117.2,30.41,34.17,0.0
-2097.2,30.48,34.17,0.0
-2077.2,30.48,34.17,0.0
-2057.2,30.48,34.17,0.0
-2037.2,30.48,34.17,0.0
-2017.19,28.85,31.81,0.0
-2013.69,28.56,31.81,0.0
-2010.75,29.57,31.81,0.0
-2008.87,31.51,31.81,0.0
-2007.56,34.02,31.81,0.0
-2006.83,36.12,31.81,0.0
-2006.65,38.4,31.81,0.0
-2006.62,58.4,28.98,0.0
-2006.55,78.4,26.54,0.0
-2006.55,98.4,26.54,0.0
-2006.55,118.4,26.54,0.0
-2006.55,138.4,26.54,0.0
-2006.55,158.4,26.54,0.0
-2006.55,178.4,26.54,0.0
-2006.55,218.4,26.54,0.0
-2006.6,238.4,27.89,0.0
-2004.94,258.4,29.75,0.0
-2004.21,278.4,32.26,0.0
-2003.93,297.42,33.67,0.0
-2003.73,310.35,34.02,0.0
-2003.72,333.42,34.02,0.0
-2003.74,358.4,34.02,0.0
-2003.74,398.4,34.02,0.0
-2003.74,418.4,34.02,0.0
-2003.74,438.4,34.02,0.0
-2003.74,458.4,34.04,0.0
-2003.74,478.4,34.04,0.0
-2003.75,494.2,34.02,0.0
-2003.75,514.2,34.02,0.0
-2003.75,531.15,34.02,0.0
-2003.83,533.4,34.02,0.0
-2001.32,553.39,34.02,0.0
-2001.23,556.34,34.02,0.0
-2001.18,578.4,34.02,0.0
-2001.13,593.35,34.02,0.0
-2001.03,595.36,34.02,0.0
-2000.75,597.26,34.02,0.0
-1999.14,599.92,34.02,0.0
-1996.23,601.91,34.02,0.0
-1993.89,602.85,34.02,0.0
-1991.62,603.31,34.02,0.0
-1808.03,603.33,34.02,0.0
-1805.3,603.33,33.99,0.0
-1802.92,603.33,33.77,0.0
-1766.69,603.33,27.08,0.0
-1750.02,603.33,24.09,0.0
-1748.09,603.33,23.85,0.0
-1746.24,603.44,23.74,0.0
-1732.96,606.36,23.74,0.0
-1722.01,613.2,23.74,0.0
-1714.48,623.07,23.74,0.0
-1711.6,635.9,23.74,0.0
-1711.63,718.8,23.74,0.0
-1711.09,722.74,23.74,0.0
-1709.56,725.38,23.74,0.0
-1706.69,727.43,23.74,0.0
-1701.68,728.89,23.74,0.0
-1698.75,728.86,23.49,0.0
-1645.86,728.86,13.93,0.0
-1642.86,728.86,13.56,0.0
-1640.02,728.86,13.46,0.0
-1623.69,728.86,13.46,0.0
-1620.92,728.86,13.5,0.0
-1618.17,728.86,13.21,0.0
-1581.71,728.86,6.52,0.0
-1571.49,728.86,6.03,0.0
-1555.4,728.86,6.04,0.0
-1551.43,729.57,6.04,0.0
-1548.26,731.55,6.04,0.0
-1546.07,734.94,6.04,0.0
-1544.06,743.79,6.04,0.0
-1535.11,833.71,6.04,0.0
-1536.63,839.68,6.04,0.0
-1539.32,843.87,6.04,0.0
-1540.38,844.72,6.04,0.0
-1543.25,846.77,6.04,0.0
-1548.21,848.34,6.04,0.0
-1551.68,849.01,6.04,0.0
-1569.95,849.01,6.07,0.0
-1589.91,849.0,6.54,0.0
-1609.91,848.99,6.54,0.0
-1627.21,848.96,6.54,0.0
-1630.34,848.96,6.86,0.0
-1634.23,848.96,8.06,0.0
-1668.97,848.96,22.46,0.0
-1670.96,848.96,23.2,0.0
-1673.59,848.96,23.76,0.0
-1676.11,848.96,23.8,0.0
-1804.94,848.99,23.74,0.0
-1808.22,848.99,23.92,0.0
-1811.59,848.99,24.7,0.0
-1845.38,848.99,33.29,0.0
-1847.37,848.99,33.83,0.0
-1848.94,848.99,34.08,0.0
-1850.88,848.99,34.09,0.0
-1910.59,848.98,34.02,0.0
-1912.98,848.98,34.03,0.0
-1915.33,848.98,34.35,0.0
-1967.56,848.98,43.82,0.0
-1969.03,848.98,44.08,0.0
-1970.88,848.98,44.26,0.0
-1972.9,848.98,44.3,0.0
-1991.7,848.98,44.3,0.0
-1995.28,850.38,44.3,0.0
-1998.97,853.48,44.3,0.0
-2000.64,857.37,44.3,0.0
-2001.65,862.46,44.3,0.0
-2001.66,905.9,44.3,0.0
-2000.96,911.25,44.3,0.0
-1998.95,916.05,44.3,0.0
-1995.52,919.59,44.3,0.0
-1991.7,921.07,44.3,0.0
-1972.93,921.11,44.3,0.0
-1969.79,921.11,44.21,0.0
-1967.38,921.11,43.79,0.0
-1915.85,921.12,34.46,0.0
-1912.98,921.12,34.06,0.0
-1910.46,921.12,34.02,0.0
-1855.37,921.18,34.02,0.0
-1853.36,921.18,34.02,0.0
-1851.45,921.18,33.84,0.0
-1848.97,921.18,33.12,0.0
-1822.84,921.18,24.97,0.0
-1820.29,921.18,24.27,0.0
-1817.7,921.18,23.79,0.0
-1815.55,921.18,23.74,0.0
-1665.92,921.18,23.74,0.0
-1663.19,921.18,23.73,0.0
-1660.23,921.18,23.19,0.0
-1657.42,921.18,22.26,0.0
-1621.71,921.18,7.47,0.0
-1618.91,921.18,6.75,0.0
-1616.33,921.18,6.54,0.0
-1578.58,921.26,6.54,0.0
-1571.71,921.28,6.04,0.0
-1536.16,921.26,6.04,0.0
-1534.01,922.0,6.04,0.0
-1531.74,923.37,6.04,0.0
-1529.86,925.7,6.04,0.0
-1528.8,928.89,6.04,0.0
-1528.27,932.35,6.04,0.0
-1528.25,943.75,6.04,0.0
-1530.9,950.87,6.04,0.0
-1535.83,961.79,6.04,0.0
-1540.73,971.19,6.04,0.0
-1555.23,990.71,6.04,0.0
-1563.27,998.99,6.04,0.0
-1573.92,1012.18,6.04,0.0
-1581.01,1023.29,6.04,0.0
-1584.13,1035.11,6.04,0.0
-1584.24,1155.11,6.04,0.0
-1586.13,1172.27,6.04,0.0
-1588.9,1185.71,6.04,0.0
-1594.52,1198.47,6.04,0.0
-1601.43,1211.39,6.04,0.0
-1611.23,1224.04,6.04,0.0
-1724.12,1337.35,6.04,0.0
-1738.26,1351.41,6.04,0.0
-1764.5,1368.9,6.04,0.0
-1786.58,1378.09,6.04,0.0
-1810.12,1380.99,6.04,0.0
-1833.65,1377.92,6.04,0.0
-1855.86,1368.85,6.04,0.0
-1874.73,1354.23,6.04,0.0
-1888.9,1340.16,6.04,0.0
-1902.96,1325.92,6.04,0.0
-1915.66,1316.07,6.04,0.0
-1930.6,1310.14,6.04,0.0
-1946.47,1307.89,6.04,0.0
-2006.45,1307.89,6.04,0.0
-2023.5,1308.59,6.04,0.0
-2035.27,1309.09,6.19,0.0
-2037.87,1309.02,6.19,0.0
-2040.27,1308.61,6.19,0.0
-2042.65,1307.11,6.19,0.0
-2044.9,1304.75,6.19,0.0
-2054.88,1289.06,6.19,0.0
-2061.47,1280.49,6.68,0.0
-2072.63,1274.91,9.15,0.0
-2085.5,1274.37,12.47,0.0
-2122.54,1274.3,19.16,0.0
-2158.15,1274.26,25.71,0.0
-2179.65,1274.22,28.52,0.0
-2223.23,1274.3,36.31,0.0
-2237.6,1274.33,38.73,0.0
-2251.59,1271.17,40.34,0.0
-2264.69,1262.43,41.66,0.0
-2271.7,1249.7,43.1,0.0
-2273.38,1237.52,44.79,0.0
-2272.31,1220.42,47.88,0.0
-2266.96,1200.48,53.57,0.0
-2264.86,1190.73,54.58,0.0
-2264.9,1165.09,54.83,0.0
-2264.88,1161.97,55.18,0.0
-2264.87,1158.84,56.18,0.0
-2264.96,1108.62,77.18,0.0
-2264.96,1105.91,78.36,0.0
-2264.96,1103.48,78.84,0.0
-2264.96,1100.93,78.86,0.0
-2264.96,1083.38,78.86,0.0
-2264.96,1048.38,82.69,0.0
-2264.96,1028.38,82.69,0.0
-2264.96,1013.36,82.78,0.0
-2264.96,1010.16,82.57,0.0
-2264.96,1007.65,81.66,0.0
-2264.96,973.22,67.36,0.0
-2264.96,970.53,66.57,0.0
-2264.96,968.28,66.06,0.0
-2264.96,958.51,65.51,0.0
-2264.96,863.85,65.5,0.0
-2264.96,862.1,65.4,0.0
-2264.96,860.18,65.12,0.0
-2264.96,858.3,64.6,0.0
-2264.96,856.75,64.01,0.0
-2264.96,822.33,49.72,0.0
-2264.96,819.85,48.75,0.0
-2264.96,817.88,48.45,0.0
-2264.96,815.88,48.39,0.0
-2265.06,678.38,48.3,0.0
-2264.96,642.39,48.3,0.0
-2264.96,638.7,48.32,0.0
-2264.96,635.1,47.85,0.0
-2264.96,581.32,34.45,0.0
-2264.96,573.34,34.02,0.0
-2264.96,565.9,34.02,0.0
-2264.96,553.4,34.02,0.0
-2264.7,518.4,34.17,0.0
-2266.26,512.9,34.02,0.0
-2272.42,509.1,34.02,0.0
-2276.64,508.79,34.02,0.0
-2296.64,508.57,34.02,0.0
-2299.57,508.54,33.77,0.0
-2316.67,508.57,31.49,0.0
-2336.61,508.59,28.8,0.0
-2353.07,508.53,28.65,0.0
-2356.36,508.51,28.52,0.0
-2358.98,508.28,28.54,0.0
-2363.46,507.78,28.58,0.0
-2366.04,506.73,28.58,0.0
-2368.28,505.48,28.58,0.0
-2369.6,502.98,28.66,0.0
-2370.09,500.09,28.74,0.0
-2367.96,495.15,29.18,0.0
-2365.38,490.06,29.64,0.0
-2354.78,473.0,29.65,0.0
-2342.91,457.05,31.72,0.0
-2330.12,441.67,33.36,0.0
-2316.42,427.0,34.02,0.0
-2302.24,412.91,34.02,0.0
-2288.1,398.77,34.02,0.0
-2273.94,384.64,33.46,0.0
-2261.68,368.89,32.3,0.0
-2254.05,350.14,31.9,0.0
-2251.49,330.34,34.17,0.0
-2251.51,310.34,34.17,0.0
-2251.51,280.26,34.17,0.0
-2251.44,240.26,34.17,0.0
-2251.47,218.32,34.17,0.0
-2251.59,198.32,34.17,0.0
-2251.55,178.31,34.17,0.0
-2251.55,158.31,34.17,0.0
-2251.66,138.31,34.17,0.0
-2251.87,118.31,34.17,0.0
-2252.01,98.32,34.17,0.0
-2252.85,78.32,34.17,0.0
-2253.63,59.72,34.17,0.0
2790.59,-207.15,25.08,0.0
2789.08,-210.2,24.76,0.0
2780.8,-225.1,23.14,0.0
2772.9,-239.91,21.37,0.0
2766.48,-252.54,19.88,0.0
2762.47,-259.65,19.03,0.0
2758.79,-265.66,18.36,0.0
2753.18,-272.35,17.65,0.0
2746.63,-277.95,17.08,0.0
2741.3,-280.82,16.71,0.0
2730.92,-284.44,16.09,0.0
2721.78,-287.58,15.57,0.0
2709.02,-290.95,15.02,0.0
2696.09,-294.19,14.46,0.0
2684.56,-296.33,13.97,0.0
2672.79,-297.69,13.47,0.0
2661.26,-298.92,13.12,0.0
2649.08,-299.42,12.76,0.0
2636.84,-299.1,12.64,0.0
2624.87,-298.68,12.53,0.0
2612.23,-297.67,12.75,0.0
2601.06,-296.66,12.97,0.0
2592.0,-295.65,13.22,0.0
2583.21,-294.56,13.5,0.0
2574.55,-293.01,13.81,0.0
2566.1,-291.58,14.11,0.0
2557.88,-290.3,14.37,0.0
2549.52,-288.98,14.63,0.0
2540.84,-287.69,14.92,0.0
2532.39,-286.56,15.2,0.0
2524.77,-285.58,15.42,0.0
2510.72,-283.91,15.83,0.0
2488.79,-281.3,16.41,0.0
2467.28,-278.94,16.92,0.0
2452.57,-277.89,17.16,0.0
2436.35,-276.75,17.43,0.0
2422.33,-275.99,17.52,0.0
2406.9,-275.94,17.61,0.0
2394.15,-276.96,18.28,0.0
2380.04,-279.69,18.97,0.0
2375.21,-281.43,19.66,0.0
2370.49,-283.2,20.33,0.0
2367.59,-284.31,20.74,0.0
2364.14,-285.83,21.21,0.0
2354.89,-289.69,22.46,0.0
2350.16,-292.27,23.38,0.0
2343.25,-296.01,24.71,0.0
2331.49,-303.21,27.03,0.0
2320.2,-310.93,29.34,0.0
2308.15,-319.24,32.01,0.0
2297.03,-326.61,34.11,0.0
2284.74,-334.45,36.3,0.0
2273.74,-340.95,37.56,0.0
2260.67,-347.23,39.05,0.0
2249.38,-351.79,40.12,0.0
2236.57,-355.77,41.28,0.0
2226.15,-358.23,42.74,0.0
2222.41,-358.81,43.21,0.0
2214.27,-360.39,44.24,0.0
2208.01,-360.75,45.21,0.0
2197.54,-361.68,46.87,0.0
2191.4,-361.86,47.85,0.0
2181.68,-361.8,49.44,0.0
2173.61,-361.74,50.77,0.0
2165.18,-361.45,52.04,0.0
2156.41,-360.98,53.34,0.0
2149.39,-360.69,54.27,0.0
2141.84,-360.57,55.09,0.0
2132.54,-360.45,56.09,0.0
2124.5,-360.68,56.87,0.0
2113.91,-361.24,57.87,0.0
2109.09,-361.56,58.35,0.0
2099.82,-362.62,59.35,0.0
2095.75,-363.56,59.82,0.0
2087.84,-365.31,60.73,0.0
2076.48,-368.41,62.0,0.0
2064.67,-372.86,63.45,0.0
2053.72,-378.24,64.62,0.0
2043.17,-384.59,65.89,0.0
2033.65,-392.94,66.8,0.0
2024.56,-401.57,67.7,0.0
2018.75,-410.46,68.0,0.0
2016.19,-414.98,68.14,0.0
2010.84,-424.55,68.44,0.0
2008.81,-430.2,68.55,0.0
2005.72,-437.89,68.69,0.0
2001.88,-451.3,68.94,0.0
1999.47,-462.75,69.38,0.0
1997.66,-474.96,69.85,0.0
1997.43,-478.12,69.97,0.0
1997.21,-489.05,70.41,0.0
1997.88,-494.92,70.65,0.0
1998.49,-502.08,70.93,0.0
1999.32,-505.7,71.01,0.0
2002.1,-516.02,71.24,0.0
2005.87,-527.1,71.47,0.0
2008.73,-532.37,71.29,0.0
2012.88,-539.83,71.03,0.0
2015.29,-543.45,70.96,0.0
2021.09,-552.26,70.82,0.0
2025.16,-557.16,70.6,0.0
2033.15,-566.35,70.1,0.0
2042.49,-575.39,69.41,0.0
2046.48,-579.08,69.03,0.0
2055.37,-586.77,67.98,0.0
2062.91,-593.55,67.08,0.0
2072.1,-601.61,66.0,0.0
2078.88,-607.04,64.95,0.0
2088.07,-615.1,63.46,0.0
2098.47,-623.54,61.84,0.0
2103.82,-627.91,60.86,0.0
2111.28,-633.93,59.5,0.0
2116.93,-638.46,58.47,0.0
2124.76,-644.56,57.06,0.0
2128.91,-648.02,56.27,0.0
2138.7,-655.41,54.46,0.0
2147.67,-662.34,52.79,0.0
2152.87,-666.26,51.85,0.0
2161.53,-672.66,50.36,0.0
2170.42,-679.37,48.82,0.0
2181.04,-687.43,46.98,0.0
2184.81,-690.37,46.42,0.0
2192.91,-696.47,45.22,0.0
2197.39,-699.71,44.57,0.0
2205.53,-705.59,43.39,0.0
2212.76,-711.39,42.2,0.0
2219.24,-716.59,41.3,0.0
2224.74,-721.33,40.42,0.0
2228.59,-724.8,39.94,0.0
2234.24,-729.85,39.23,0.0
2238.31,-733.99,38.7,0.0
2243.35,-739.04,38.05,0.0
2248.7,-746.05,37.22,0.0
2254.35,-753.58,36.33,0.0
2259.03,-760.74,35.51,0.0
2263.77,-768.42,34.64,0.0
2267.16,-775.51,33.98,0.0
2271.08,-783.34,33.25,0.0
2273.87,-791.25,32.54,0.0
2276.81,-799.39,31.81,0.0
2279.25,-807.94,31.15,0.0
2281.21,-816.01,30.55,0.0
2282.82,-824.55,29.93,0.0
2284.08,-832.67,29.35,0.0
2285.27,-840.3,28.86,0.0
2286.21,-848.5,28.33,0.0
2286.91,-855.71,27.87,0.0
2287.27,-860.55,27.57,0.0
2287.57,-868.08,27.1,0.0
2287.9,-874.86,26.7,0.0
2288.23,-881.19,26.32,0.0
2288.62,-889.09,25.85,0.0
2288.82,-892.25,25.66,0.0
2288.95,-897.55,25.35,0.0
2288.99,-903.38,25.37,0.0
2288.99,-912.4,25.41,0.0
2288.99,-917.87,25.43,0.0
2288.95,-927.68,25.48,0.0
2288.92,-936.38,25.52,0.0
2288.92,-946.06,25.57,0.0
2288.92,-954.62,25.61,0.0
2288.92,-964.34,25.65,0.0
2288.96,-971.09,25.67,0.0
2288.96,-978.0,25.69,0.0
2288.99,-987.82,25.72,0.0
2288.99,-992.2,25.73,0.0
2288.99,-997.56,25.75,0.0
2289.02,-1004.21,25.77,0.0
2288.94,-1015.14,25.8,0.0
2288.95,-1020.58,25.82,0.0
2288.97,-1022.4,25.83,0.0
2288.97,-1027.87,25.83,0.0
2288.97,-1033.0,25.84,0.0
2288.97,-1037.74,25.84,0.0
2288.96,-1042.56,25.85,0.0
2288.96,-1047.49,25.85,0.0
2288.88,-1051.73,25.86,0.0
2288.78,-1057.74,25.87,0.0
2288.82,-1064.61,25.87,0.0
2288.82,-1072.59,25.88,0.0
2288.82,-1079.9,25.89,0.0
2288.89,-1091.5,25.9,0.0
2288.86,-1094.15,25.9,0.0
2288.89,-1101.24,25.66,0.0
2288.91,-1105.69,25.9,0.0
2288.95,-1110.09,25.9,0.0
2288.83,-1117.29,25.66,0.0
2289.01,-1137.59,25.86,0.0
2288.95,-1144.57,25.74,0.0
2288.95,-1149.6,25.76,0.0
2288.99,-1154.59,25.75,0.0
2288.93,-1161.5,25.54,0.0
2288.99,-1168.28,25.37,0.0
2288.99,-1173.05,25.25,0.0
2288.99,-1180.21,24.87,0.0
2288.99,-1186.0,24.56,0.0
2289.0,-1201.96,23.61,0.0
2289.0,-1218.01,23.0,0.0
2288.94,-1233.97,23.0,0.0
2288.94,-1240.08,23.0,0.0
2288.99,-1250.0,23.0,0.0
2288.99,-1258.64,23.0,0.0
2288.99,-1265.95,23.0,0.0
2288.95,-1274.39,23.0,0.0
2288.95,-1282.05,23.0,0.0
2288.97,-1290.42,23.0,0.0
2288.97,-1298.0,23.0,0.0
2288.96,-1306.94,23.0,0.0
2288.96,-1316.82,23.0,0.0
2288.91,-1330.0,23.0,0.0
2288.91,-1345.89,23.0,0.0
2288.91,-1350.83,23.0,0.0
2289.01,-1358.52,23.0,0.0
2289.1,-1369.06,23.01,0.0
2289.1,-1381.21,23.11,0.0
2289.01,-1386.91,23.11,0.0
2288.91,-1393.56,22.97,0.0
2288.86,-1399.11,22.89,0.0
2288.74,-1407.02,22.86,0.0
2288.68,-1412.21,22.84,0.0
2288.5,-1415.1,22.82,0.0
2287.84,-1422.7,22.75,0.0
2287.36,-1428.16,22.7,0.0
2286.89,-1432.82,22.63,0.0
2286.32,-1437.79,22.55,0.0
2285.57,-1444.2,22.46,0.0
2282.89,-1460.07,22.12,0.0
2281.41,-1467.22,21.91,0.0
2279.82,-1473.72,21.71,0.0
2278.47,-1479.09,21.75,0.0
2277.27,-1483.99,21.59,0.0
2276.06,-1488.89,21.58,0.0
2274.69,-1494.05,21.26,0.0
2270.7,-1506.28,20.58,0.0
2268.17,-1512.73,20.27,0.0
2266.19,-1517.5,20.04,0.0
2254.32,-1546.18,18.64,0.0
2248.12,-1561.0,17.91,0.0
2229.9,-1605.83,15.64,0.0
2223.79,-1619.77,14.92,0.0
2218.29,-1636.24,14.4,0.0
2215.01,-1647.76,14.3,0.0
2212.0,-1659.33,13.77,0.0
2208.45,-1672.51,13.41,0.0
2205.95,-1686.16,12.97,0.0
2203.88,-1702.87,12.56,0.0
2202.9,-1720.32,12.3,0.0
2202.92,-1732.29,12.4,0.0
2202.92,-1744.38,12.18,0.0
2202.83,-1760.68,12.18,0.0
2202.83,-1776.02,12.18,0.0
2202.79,-1792.8,12.18,0.0
2202.79,-1808.98,12.18,0.0
2202.86,-1824.4,12.18,0.0
2202.86,-1840.25,12.18,0.0
2202.68,-1858.43,12.48,0.0
2202.73,-1869.18,12.55,0.0
2202.75,-1879.64,12.55,0.0
2202.71,-1889.41,12.75,0.0
2202.68,-1899.4,12.75,0.0
2202.63,-1906.63,12.55,0.0
2201.94,-1914.0,12.55,0.0
2200.09,-1920.79,12.55,0.0
2197.29,-1927.42,12.55,0.0
2193.96,-1933.39,12.55,0.0
2189.54,-1939.36,12.55,0.0
2184.59,-1944.3,12.55,0.0
2178.77,-1948.73,12.55,0.0
2173.02,-1952.05,12.55,0.0
2166.27,-1954.91,12.55,0.0
2159.68,-1956.72,12.55,0.0
2152.76,-1957.85,12.55,0.0
2149.66,-1957.85,12.55,0.0
2140.74,-1957.87,12.55,0.0
2127.4,-1957.87,12.55,0.0
2110.88,-1957.94,12.55,0.0
2098.42,-1957.94,12.55,0.0
2087.26,-1957.93,12.55,0.0
2078.24,-1957.93,12.55,0.0
2069.98,-1957.92,12.55,0.0
2052.99,-1957.92,12.55,0.0
2025.94,-1957.92,12.55,0.0
1992.27,-1957.92,12.55,0.0
1965.66,-1957.92,12.73,0.0
1940.75,-1957.82,12.55,0.0
1917.13,-1957.82,12.55,0.0
1896.82,-1957.82,12.55,0.0
1876.51,-1957.92,12.55,0.0
1857.49,-1957.93,12.55,0.0
1841.92,-1957.93,12.55,0.0
1826.62,-1957.84,12.55,0.0
1817.05,-1957.84,12.55,0.0
1807.65,-1957.84,12.55,0.0
1792.25,-1957.79,12.55,0.0
1775.3,-1957.81,12.55,0.0
1755.53,-1957.81,12.55,0.0
1739.66,-1957.87,12.55,0.0
1708.84,-1957.91,12.55,0.0
1699.03,-1957.89,12.55,0.0
1684.97,-1957.89,12.55,0.0
1673.75,-1957.89,12.55,0.0
1663.88,-1957.89,12.55,0.0
1647.74,-1957.84,12.55,0.0
1632.88,-1957.79,12.55,0.0
1618.08,-1957.79,12.55,0.0
1603.33,-1957.73,12.55,0.0
1588.36,-1957.73,12.55,0.0
1573.67,-1957.68,12.55,0.0
1558.86,-1957.68,12.55,0.0
1543.95,-1957.73,12.55,0.0
1529.04,-1957.68,12.55,0.0
1514.34,-1957.73,12.55,0.0
1499.48,-1957.73,12.55,0.0
1484.63,-1957.79,12.55,0.0
1472.76,-1957.95,12.55,0.0
1460.74,-1957.95,12.55,0.0
1448.44,-1957.84,12.55,0.0
1436.36,-1957.36,12.18,0.0
1423.65,-1956.18,11.79,0.0
1410.82,-1954.53,11.21,0.0
1397.67,-1952.07,10.24,0.0
1384.04,-1948.75,8.74,0.0
1370.09,-1944.48,7.39,0.0
1355.56,-1938.87,5.26,0.0
1340.48,-1932.03,2.56,0.0
1332.25,-1927.32,1.27,0.0
1323.49,-1921.02,-0.0,0.0
1314.08,-1913.37,-1.06,0.0
1304.14,-1904.13,-2.12,0.0
1293.72,-1894.03,-2.75,0.0
1282.87,-1882.75,-3.59,0.0
1271.65,-1870.51,-3.81,0.0
1260.16,-1857.79,-4.02,0.0
1254.06,-1850.74,-4.24,0.0
1248.4,-1844.38,-4.44,0.0
1234.61,-1828.5,-4.74,0.0
1221.57,-1813.64,-5.0,0.0
1207.94,-1797.77,-5.17,0.0
1194.74,-1782.57,-5.32,0.0
1180.79,-1766.38,-5.39,0.0
1167.64,-1751.15,-5.46,0.0
1154.49,-1735.65,-5.44,0.0
1140.33,-1719.4,-5.43,0.0
1126.43,-1703.05,-5.35,0.0
1112.75,-1687.44,-5.27,0.0
1097.41,-1669.8,-5.12,0.0
1084.96,-1655.32,-5.01,0.0
1070.15,-1638.35,-4.83,0.0
1056.92,-1623.32,-4.67,0.0
1042.77,-1607.09,-4.48,0.0
1028.55,-1591.16,-4.28,0.0
1016.74,-1578.02,-4.12,0.0
999.69,-1559.1,-3.88,0.0
984.89,-1542.85,-3.68,0.0
970.43,-1527.35,-3.49,0.0
958.12,-1514.05,-3.34,0.0
951.54,-1506.87,-3.26,0.0
940.8,-1495.74,-3.14,0.0
930.05,-1484.62,-3.03,0.0
920.81,-1474.73,-2.94,0.0
910.87,-1464.63,-2.85,0.0
902.16,-1456.08,-2.8,0.0
892.53,-1446.3,-2.74,0.0
880.15,-1433.81,-2.66,0.0
859.74,-1413.85,-2.62,0.0
849.06,-1403.59,-2.6,0.0
843.24,-1398.19,-2.61,0.0
833.83,-1389.5,-2.64,0.0
825.97,-1382.16,-2.66,0.0
817.84,-1374.42,-2.68,0.0
812.36,-1369.58,-2.67,0.0
801.82,-1360.06,-2.63,0.0
794.22,-1353.29,-2.6,0.0
786.51,-1346.37,-2.58,0.0
778.77,-1339.46,-2.55,0.0
774.08,-1335.19,-2.53,0.0
769.62,-1331.41,-2.47,0.0
759.12,-1322.49,-2.26,0.0
750.23,-1314.82,-2.09,0.0
742.18,-1307.98,-1.93,0.0
733.26,-1300.53,-1.76,0.0
727.56,-1295.62,-1.65,0.0
715.84,-1286.21,-1.27,0.0
708.21,-1280.16,-1.03,0.0
698.65,-1272.42,-0.72,0.0
690.56,-1266.07,-0.46,0.0
681.57,-1258.89,-0.17,0.0
671.14,-1251.1,0.27,0.0
661.16,-1243.58,0.69,0.0
646.46,-1232.7,1.3,0.0
634.97,-1223.93,1.78,0.0
618.45,-1212.59,2.59,0.0
609.99,-1206.68,3.0,0.0
598.95,-1199.15,3.54,0.0
587.35,-1191.19,4.1,0.0
580.67,-1186.93,4.45,0.0
566.56,-1177.95,5.2,0.0
551.59,-1168.76,5.98,0.0
538.87,-1160.53,6.65,0.0
522.3,-1151.12,7.55,0.0
504.83,-1141.34,8.49,0.0
489.43,-1132.52,9.32,0.0
479.76,-1127.66,9.83,0.0
463.99,-1119.8,10.66,0.0
452.4,-1113.71,11.28,0.0
438.88,-1107.08,11.99,0.0
417.44,-1097.83,13.04,0.0
401.1,-1090.67,13.85,0.0
387.2,-1084.63,14.53,0.0
347.57,-1070.17,16.25,0.0
334.26,-1065.14,16.83,0.0
325.98,-1062.79,17.13,0.0
302.49,-1055.81,17.97,0.0
280.12,-1049.08,18.77,0.0
271.05,-1047.04,19.01,0.0
248.15,-1041.9,19.61,0.0
224.64,-1036.69,20.22,0.0
209.37,-1034.27,20.45,0.0
187.68,-1030.72,20.77,0.0
167.65,-1027.7,21.07,0.0
151.78,-1026.41,21.1,0.0
128.27,-1024.37,21.15,0.0
109.6,-1022.78,21.19,0.0
98.11,-1022.63,21.03,0.0
79.6,-1022.4,20.83,0.0
57.45,-1022.18,20.56,0.0
46.26,-1022.03,20.23,0.0
26.23,-1022.1,19.99,0.0
2.73,-1022.03,19.89,0.0
-20.85,-1022.03,19.62,0.0
-44.44,-1022.03,18.83,0.0
-67.79,-1022.03,17.17,0.0
-79.66,-1022.03,15.88,0.0
-91.22,-1022.1,14.28,0.0
-106.34,-1022.71,12.31,0.0
-121.68,-1024.44,11.05,0.0
-137.48,-1027.47,10.37,0.0
-153.28,-1031.32,10.22,0.0
-168.85,-1036.31,10.53,0.0
-183.89,-1042.13,11.23,0.0
-198.4,-1048.86,12.26,0.0
-211.93,-1056.34,13.55,0.0
-224.25,-1064.35,15.02,0.0
-235.21,-1072.82,16.6,0.0
-244.58,-1081.89,18.26,0.0
-252.06,-1091.26,19.88,0.0
-259.02,-1101.54,21.56,0.0
-266.65,-1112.58,23.38,0.0
-274.74,-1123.99,25.26,0.0
-283.2,-1135.86,27.2,0.0
-292.05,-1148.18,29.18,0.0
-300.81,-1160.12,31.07,0.0
-309.73,-1172.28,32.92,0.0
-318.49,-1183.83,34.62,0.0
-326.88,-1194.89,36.15,0.0
-335.06,-1205.31,37.48,0.0
-342.54,-1214.72,38.55,0.0
-349.44,-1223.16,39.33,0.0
-357.08,-1231.02,39.88,0.0
-366.54,-1238.29,40.31,0.0
-377.44,-1244.91,40.64,0.0
-389.52,-1250.69,40.87,0.0
-402.62,-1255.39,41.02,0.0
-416.35,-1258.81,41.1,0.0
-430.3,-1260.95,41.14,0.0
-444.57,-1261.59,41.13,0.0
-458.41,-1260.52,41.1,0.0
-471.83,-1257.37,41.07,0.0
-484.55,-1252.29,41.04,0.0
-496.2,-1244.86,41.02,0.0
-505.98,-1237.27,41.02,0.0
-514.0,-1231.02,41.02,0.0
-520.95,-1225.62,41.02,0.0
-527.25,-1220.86,41.02,0.0
-533.02,-1216.48,41.02,0.0
-538.96,-1211.94,41.02,0.0
-545.33,-1207.08,41.02,0.0
-552.28,-1201.41,41.02,0.0
-560.67,-1194.76,41.02,0.0
-570.42,-1186.6,41.02,0.0
-582.44,-1176.85,41.02,0.0
-596.65,-1164.91,41.02,0.0
-611.91,-1153.27,41.38,0.0
-626.88,-1143.52,42.39,0.0
-641.16,-1136.11,43.91,0.0
-655.15,-1130.44,45.84,0.0
-668.75,-1126.74,48.06,0.0
-681.83,-1124.92,50.41,0.0
-694.45,-1124.47,52.81,0.0
-706.62,-1125.76,55.12,0.0
-718.41,-1128.25,57.23,0.0
-729.85,-1132.14,59.03,0.0
-740.81,-1137.38,60.37,0.0
-751.28,-1143.63,61.13,0.0
-761.01,-1150.21,61.57,0.0
-769.83,-1156.67,62.07,0.0
-777.85,-1163.3,62.65,0.0
-785.12,-1170.3,63.34,0.0
-791.5,-1177.97,64.16,0.0
-797.17,-1186.4,65.11,0.0
-802.42,-1195.96,66.24,0.0
-806.99,-1207.07,67.58,0.0
-811.24,-1219.85,69.13,0.0
-815.14,-1234.47,70.92,0.0
-818.65,-1251.46,72.99,0.0
-821.85,-1271.02,75.36,0.0
-824.74,-1291.7,77.87,0.0
-827.41,-1311.96,80.33,0.0
-829.87,-1331.89,82.73,0.0
-832.61,-1351.35,85.03,0.0
-835.57,-1370.31,87.22,0.0
-839.12,-1388.15,89.2,0.0
-843.21,-1405.53,91.01,0.0
-848.12,-1421.76,92.56,0.0
-854.05,-1436.88,93.82,0.0
-861.16,-1450.67,94.77,0.0
-869.55,-1463.23,95.37,0.0
-879.6,-1474.08,95.58,0.0
-891.52,-1483.33,95.24,0.0
-905.25,-1490.06,94.27,0.0
-920.65,-1495.35,92.69,0.0
-937.37,-1498.93,90.57,0.0
-955.12,-1501.44,87.95,0.0
-973.88,-1503.21,84.87,0.0
-993.28,-1504.38,81.38,0.0
-1013.21,-1505.56,77.51,0.0
-1033.27,-1506.76,73.36,0.0
-1053.53,-1508.42,68.9,0.0
-1073.46,-1510.93,64.23,0.0
-1093.08,-1514.62,59.37,0.0
-1112.36,-1518.29,54.52,0.0
-1131.9,-1520.66,49.71,0.0
-1151.36,-1522.11,45.1,0.0
-1170.86,-1522.11,40.76,0.0
-1190.65,-1521.77,36.71,0.0
-1210.68,-1520.85,33.06,0.0
-1231.1,-1519.42,29.85,0.0
-1252.27,-1518.1,27.13,0.0
-1274.06,-1516.45,24.99,0.0
-1296.49,-1514.96,23.5,0.0
-1315.94,-1514.39,22.73,0.0
-1328.75,-1514.16,22.71,0.0
-1347.52,-1513.87,22.69,0.0
-1369.11,-1513.52,22.53,0.0
-1392.12,-1513.11,22.1,0.0
-1417.54,-1512.68,21.4,0.0
-1443.59,-1511.82,20.51,0.0
-1469.98,-1510.64,19.5,0.0
-1496.97,-1508.76,18.39,0.0
-1523.63,-1506.41,17.28,0.0
-1550.61,-1503.13,16.18,0.0
-1577.11,-1498.77,15.16,0.0
-1603.43,-1493.28,14.27,0.0
-1629.08,-1486.73,13.57,0.0
-1654.01,-1478.69,13.11,0.0
-1677.75,-1469.3,12.95,0.0
-1701.2,-1456.92,12.95,0.0
-1724.04,-1441.75,12.95,0.0
-1746.49,-1423.94,12.95,0.0
-1768.07,-1403.53,12.95,0.0
-1789.07,-1381.56,12.95,0.0
-1809.03,-1358.46,12.95,0.0
-1828.42,-1334.27,12.95,0.0
-1846.91,-1309.37,12.95,0.0
-1863.91,-1284.68,12.95,0.0
-1879.89,-1260.37,12.95,0.0
-1894.74,-1237.03,12.95,0.0
-1907.79,-1214.79,12.95,0.0
-1919.73,-1194.28,12.95,0.0
-1930.23,-1175.01,13.15,0.0
-1939.62,-1155.88,13.7,0.0
-1947.84,-1137.17,14.53,0.0
-1955.41,-1118.27,15.6,0.0
-1961.81,-1099.03,16.83,0.0
-1967.27,-1079.63,18.15,0.0
-1971.89,-1059.67,19.51,0.0
-1975.62,-1039.23,20.83,0.0
-1978.52,-1018.1,22.05,0.0
-1980.73,-996.0,23.12,0.0
-1982.2,-972.85,23.96,0.0
-1982.88,-948.24,24.52,0.0
-1982.74,-922.78,24.72,0.0
-1982.6,-896.4,24.72,0.0
-1982.5,-870.75,24.72,0.0
-1982.29,-844.85,24.72,0.0
-1982.36,-819.02,24.72,0.0
-1982.41,-793.65,24.72,0.0
-1982.55,-768.1,24.72,0.0
-1982.62,-742.83,24.72,0.0
-1982.77,-717.49,24.72,0.0
-1983.04,-692.49,24.72,0.0
-1983.25,-667.42,24.72,0.0
-1983.53,-642.42,24.72,0.0
-1983.74,-617.12,24.72,0.0
-1984.02,-592.39,24.72,0.0
-1984.02,-580.0,24.91,0.0
-1984.11,-568.06,24.72,0.0
-1984.14,-552.01,24.71,0.0
-1984.05,-537.64,24.71,0.0
-1983.98,-520.08,24.71,0.0
-1983.35,-504.08,24.71,0.0
-1982.39,-488.08,24.71,0.0
-1981.06,-471.96,24.71,0.0
-1979.47,-456.15,24.71,0.0
-1977.57,-440.09,24.71,0.0
-1975.79,-424.09,24.71,0.0
-1974.14,-408.16,24.71,0.0
-1972.62,-392.1,24.71,0.0
-1971.22,-376.1,24.71,0.0
-1970.14,-360.1,24.71,0.0
-1969.38,-344.03,24.71,0.0
-1968.11,-328.04,24.71,0.0
-1966.27,-311.98,24.71,0.0
-1964.87,-301.37,24.71,0.0
-1963.15,-289.84,24.71,0.0
-1961.32,-277.61,24.71,0.0
-1959.65,-267.58,24.71,0.0
-1957.92,-256.64,24.71,0.0
-1955.97,-243.96,24.71,0.0
-1954.94,-235.45,24.71,0.0
-1954.39,-230.55,24.71,0.0
-1952.76,-216.09,24.71,0.0
-1951.21,-200.04,24.71,0.0
-1950.42,-190.28,24.71,0.0
-1949.52,-180.45,24.71,0.0
-1948.76,-167.96,24.71,0.0
-1948.43,-152.55,24.71,0.0
-1948.38,-133.1,24.71,0.0
-1948.43,-108.44,24.71,0.0
-1948.45,-83.86,24.71,0.0
-1948.44,-57.49,24.71,0.0
-1948.34,-37.32,24.71,0.0
-1948.36,-20.22,24.71,0.0
-1948.36,-4.1,24.71,0.0
-1948.35,10.96,24.71,0.0
-1948.38,20.61,24.71,0.0
-1948.41,24.94,24.71,0.0
-1948.43,28.64,24.71,0.0
-1948.4,36.18,24.71,0.0
-1948.42,38.75,24.72,0.0
-1948.42,40.96,24.71,0.0
-1948.42,46.49,24.71,0.0
-1948.42,53.87,24.71,0.0
-1948.42,60.33,24.71,0.0
-1948.42,67.54,24.71,0.0
-1948.42,73.81,24.71,0.0
-1948.42,78.91,24.71,0.0
-1948.42,84.96,24.71,0.0
-1948.42,92.01,24.71,0.0
-1948.42,100.0,24.71,0.0
-1948.42,107.24,24.71,0.0
-1948.42,113.74,24.71,0.0
-1948.42,119.77,24.71,0.0
-1948.41,125.65,24.71,0.0
-1948.36,128.06,24.71,0.0
-1948.3,130.0,24.71,0.0
